# global_node  layer_id  local_node  bias
785 2 1 5.5938493460416794e-02
786 2 2 -6.3584921881556511e-03
787 2 3 3.8830753415822983e-02
788 2 4 1.5804553404450417e-02
789 2 5 1.5895266085863113e-02
790 2 6 -1.8610281869769096e-02
791 2 7 6.4083352684974670e-02
792 2 8 1.0370545089244843e-01
793 2 9 8.7717115879058838e-02
794 2 10 3.9042018353939056e-02
795 2 11 4.3415552936494350e-03
796 2 12 3.3638846129179001e-02
797 2 13 -2.3554554209113121e-02
798 2 14 2.2815084084868431e-02
799 2 15 1.8071724101901054e-02
800 2 16 8.3733713254332542e-03
801 2 17 3.3585704863071442e-02
802 2 18 4.7076895833015442e-02
803 2 19 -4.8458002507686615e-02
804 2 20 -3.5946387797594070e-02
805 2 21 3.9485551416873932e-02
806 2 22 1.2289683520793915e-01
807 2 23 5.6047718971967697e-02
808 2 24 1.0349498689174652e-01
809 2 25 -7.7073551714420319e-02
810 2 26 1.1438482254743576e-01
811 2 27 -4.8884488642215729e-03
812 2 28 1.7149737104773521e-02
813 2 29 4.7913204878568649e-02
814 2 30 2.2359801456332207e-02
815 2 31 2.6979161426424980e-02
816 2 32 1.8645590171217918e-04
817 2 33 1.5488396398723125e-02
818 2 34 3.4838262945413589e-02
819 2 35 2.7762916870415211e-03
820 2 36 2.9168168548494577e-03
821 2 37 -5.6305363774299622e-02
822 2 38 1.3389513827860355e-02
823 2 39 4.1353709995746613e-02
824 2 40 1.4698516577482224e-02
825 2 41 1.7907912842929363e-03
826 2 42 2.4903146550059319e-02
827 2 43 -1.1031393893063068e-02
828 2 44 3.3148773014545441e-02
829 2 45 3.0379610136151314e-02
830 2 46 -3.1760742422193289e-03
831 2 47 3.5584602504968643e-02
832 2 48 -2.1495131775736809e-02
833 2 49 2.4241842329502106e-02
834 2 50 -3.4170631319284439e-02
835 2 51 -5.2467137575149536e-03
836 2 52 5.9346303343772888e-02
837 2 53 -2.4644758552312851e-02
838 2 54 -6.0280878096818924e-03
839 2 55 -7.9637683928012848e-02
840 2 56 4.9426633864641190e-02
841 2 57 3.8350634276866913e-02
842 2 58 -3.3316146582365036e-02
843 2 59 4.5767582952976227e-02
844 2 60 1.7352152615785599e-02
845 2 61 9.4206757843494415e-02
846 2 62 1.4972972683608532e-02
847 2 63 3.0675908550620079e-02
848 2 64 1.4549503102898598e-02
849 2 65 2.6367937680333853e-03
850 2 66 -7.7870205044746399e-02
851 2 67 9.7084067761898041e-02
852 2 68 4.5895068906247616e-03
853 2 69 1.0515265166759491e-01
854 2 70 2.0722558721899986e-02
855 2 71 2.5827661156654358e-02
856 2 72 -2.8471255209296942e-03
857 2 73 -7.5356788933277130e-02
858 2 74 5.5998798459768295e-02
859 2 75 -2.5481030344963074e-02
860 2 76 5.3729094564914703e-02
861 2 77 -1.5750188380479813e-02
862 2 78 6.2440156936645508e-02
863 2 79 7.6103627681732178e-02
864 2 80 -5.6164972484111786e-02
865 2 81 -5.7773139327764511e-02
866 2 82 1.8526481464505196e-02
867 2 83 1.0055697709321976e-01
868 2 84 -1.4231394045054913e-02
869 2 85 3.7972033023834229e-02
870 2 86 -1.8615325912833214e-02
871 2 87 -3.4942992031574249e-02
872 2 88 3.6666937172412872e-02
873 2 89 -8.7727885693311691e-03
874 2 90 -1.2644842267036438e-02
875 2 91 -7.0769055746495724e-03
876 2 92 3.8151487708091736e-02
877 2 93 -1.1121398769319057e-02
878 2 94 5.0839703530073166e-02
879 2 95 3.0011942610144615e-02
880 2 96 -2.0675389096140862e-02
881 2 97 -6.7945666611194611e-02
882 2 98 -9.4340266659855843e-03
883 2 99 -2.9853926971554756e-02
884 2 100 -1.5090853907167912e-02
885 2 101 -2.8284199070185423e-03
886 2 102 4.1713140904903412e-02
887 2 103 4.3371353298425674e-02
888 2 104 -5.0992537289857864e-02
889 2 105 -4.9717903137207031e-02
890 2 106 6.0226123780012131e-02
891 2 107 -2.8442546725273132e-02
892 2 108 3.4598253667354584e-02
893 2 109 -4.3884474784135818e-02
894 2 110 -5.0252159126102924e-03
895 2 111 8.8222213089466095e-02
896 2 112 -1.1602151207625866e-02
897 2 113 4.7409567981958389e-02
898 2 114 2.7056945487856865e-02
899 2 115 8.7098740041255951e-02
900 2 116 8.7726861238479614e-02
901 2 117 -2.3937190417200327e-03
902 2 118 3.2403722405433655e-02
903 2 119 -1.4805048704147339e-04
904 2 120 3.3951919525861740e-02
905 2 121 1.6804501414299011e-02
906 2 122 1.4040141366422176e-02
907 2 123 -1.5891510993242264e-02
908 2 124 -3.1164536252617836e-02
909 2 125 -1.0669466108083725e-02
910 2 126 8.1158168613910675e-02
911 2 127 6.2023095786571503e-02
912 2 128 5.5406179279088974e-02
913 2 129 -1.2935164384543896e-02
914 2 130 -3.6401107907295227e-02
915 2 131 9.8271355032920837e-02
916 2 132 5.6792031973600388e-02
917 2 133 -1.3385939411818981e-02
918 2 134 -2.6262819766998291e-02
919 2 135 -8.4508750587701797e-03
920 2 136 2.8633592650294304e-02
921 2 137 -8.1144869327545166e-03
922 2 138 4.7388032078742981e-02
923 2 139 6.7182578146457672e-02
924 2 140 1.2055212631821632e-02
925 2 141 1.6946487128734589e-02
926 2 142 -1.3655481860041618e-02
927 2 143 -2.2286841645836830e-02
928 2 144 1.0540205240249634e-01
929 2 145 1.4532480854541063e-03
930 2 146 1.0430283099412918e-01
931 2 147 4.4668391346931458e-02
932 2 148 5.2946638315916061e-02
933 2 149 -2.0406724885106087e-02
934 2 150 7.9902775585651398e-02
935 2 151 -1.8205242231488228e-02
936 2 152 2.9875107109546661e-02
937 2 153 1.0227698832750320e-01
938 2 154 -4.2428690940141678e-02
939 2 155 -1.2422059662640095e-02
940 2 156 2.8651447966694832e-02
941 2 157 -2.0490565802901983e-03
942 2 158 2.0593227818608284e-02
943 2 159 7.4318900704383850e-02
944 2 160 -1.4415939338505268e-02
945 2 161 2.3262955248355865e-02
946 2 162 7.3334788903594017e-03
947 2 163 -4.5719135552644730e-02
948 2 164 -1.9924029707908630e-02
949 2 165 6.7935944534838200e-03
950 2 166 5.5633522570133209e-02
951 2 167 1.1084184981882572e-02
952 2 168 6.9756999611854553e-02
953 2 169 7.5414873659610748e-02
954 2 170 -2.7184544131159782e-02
955 2 171 5.0697238184511662e-03
956 2 172 8.8407360017299652e-02
957 2 173 2.7260651811957359e-02
958 2 174 -9.6943611279129982e-03
959 2 175 5.5215870961546898e-03
960 2 176 7.5203138403594494e-03
961 2 177 8.5842646658420563e-03
962 2 178 -3.0782032757997513e-02
963 2 179 1.7296278849244118e-02
964 2 180 2.1424066275358200e-02
965 2 181 4.3086029589176178e-02
966 2 182 6.9778695702552795e-02
967 2 183 -3.4247948788106441e-03
968 2 184 -5.8084045303985476e-04
969 2 185 6.8531282246112823e-02
970 2 186 -5.9295794926583767e-03
971 2 187 3.9400402456521988e-02
972 2 188 4.6219065785408020e-02
973 2 189 -2.3722860962152481e-02
974 2 190 1.8013130873441696e-02
975 2 191 4.0659822523593903e-02
976 2 192 6.8443976342678070e-02
977 2 193 9.2416241765022278e-02
978 2 194 1.4137548860162497e-03
979 2 195 1.4514699578285217e-02
980 2 196 -2.7172362431883812e-02
981 2 197 3.5749148577451706e-02
982 2 198 6.2958143651485443e-02
983 2 199 6.2330965884029865e-03
984 2 200 7.6484777033329010e-02
985 2 201 1.1332494765520096e-01
986 2 202 8.1201735883951187e-03
987 2 203 4.8268068581819534e-02
988 2 204 4.8457318916916847e-03
989 2 205 -4.5853704214096069e-02
990 2 206 -1.9421134144067764e-02
991 2 207 2.6737241074442863e-02
992 2 208 8.9774047955870628e-03
993 2 209 1.0011323727667332e-02
994 2 210 -1.6807405278086662e-02
995 2 211 3.1746339052915573e-02
996 2 212 5.4087238386273384e-03
997 2 213 -2.9153041541576385e-03
998 2 214 9.5054395496845245e-02
999 2 215 3.7582617253065109e-02
1000 2 216 -2.5087730959057808e-02
1001 2 217 2.7126915752887726e-02
1002 2 218 -1.4363893307745457e-02
1003 2 219 1.4708066359162331e-02
1004 2 220 -1.7830586060881615e-02
1005 2 221 7.6858587563037872e-02
1006 2 222 4.6791840344667435e-02
1007 2 223 3.3123765140771866e-02
1008 2 224 -9.8542170599102974e-04
1009 2 225 -1.2293802574276924e-02
1010 2 226 -2.3329636082053185e-02
1011 2 227 3.6816105712205172e-03
1012 2 228 2.2385336458683014e-02
1013 2 229 -1.4605845324695110e-02
1014 2 230 2.5472441688179970e-02
1015 2 231 3.1557779759168625e-02
1016 2 232 2.8923815116286278e-02
1017 2 233 -1.7758175730705261e-02
1018 2 234 -2.7750078588724136e-03
1019 2 235 -4.9051656387746334e-03
1020 2 236 -9.0145217254757881e-03
1021 2 237 4.2182780802249908e-02
1022 2 238 3.9531875401735306e-02
1023 2 239 3.6420144140720367e-02
1024 2 240 7.7177405357360840e-02
1025 2 241 2.0235823467373848e-02
1026 2 242 3.8235541433095932e-02
1027 2 243 5.5574316531419754e-02
1028 2 244 3.1028825789690018e-02
1029 2 245 1.1321397498250008e-02
1030 2 246 7.4023388326168060e-02
1031 2 247 -3.3594465348869562e-03
1032 2 248 2.6304803788661957e-02
1033 2 249 5.5900026112794876e-02
1034 2 250 7.6217311434447765e-03
1035 2 251 7.2779587935656309e-04
1036 2 252 -7.7892348170280457e-02
1037 2 253 8.6031302809715271e-02
1038 2 254 9.8000228404998779e-02
1039 2 255 4.2772963643074036e-02
1040 2 256 4.8361413180828094e-02
1041 3 1 -6.7414686083793640e-02
1042 3 2 4.7699149698019028e-02
1043 3 3 -6.2599475495517254e-03
1044 3 4 7.0694901049137115e-02
1045 3 5 1.8537443131208420e-02
1046 3 6 1.0429001413285732e-02
1047 3 7 -5.1296371966600418e-02
1048 3 8 1.5953250229358673e-02
1049 3 9 6.2682583928108215e-02
1050 3 10 9.4233527779579163e-02
1051 3 11 9.0614274144172668e-02
1052 3 12 6.4230933785438538e-02
1053 3 13 -1.4306041412055492e-02
1054 3 14 -6.2029149383306503e-02
1055 3 15 8.5209496319293976e-03
1056 3 16 -2.1569022908806801e-02
1057 3 17 5.1524605602025986e-02
1058 3 18 8.0075398087501526e-02
1059 3 19 4.5990362763404846e-02
1060 3 20 1.5541046159341931e-03
1061 3 21 -3.9035743102431297e-03
1062 3 22 -7.4275106191635132e-02
1063 3 23 4.7416381537914276e-02
1064 3 24 6.2475673854351044e-02
1065 3 25 6.6737592220306396e-02
1066 3 26 -2.8159555047750473e-02
1067 3 27 2.8398422524333000e-02
1068 3 28 -3.6482524126768112e-02
1069 3 29 8.7193988263607025e-02
1070 3 30 7.4838049709796906e-02
1071 3 31 4.7467451542615891e-02
1072 3 32 1.0704071074724197e-01
1073 3 33 -7.7820912003517151e-02
1074 3 34 -5.0348393619060516e-02
1075 3 35 2.9809286817908287e-02
1076 3 36 -3.2161820679903030e-02
1077 3 37 -5.1155980676412582e-02
1078 3 38 5.9144133701920509e-03
1079 3 39 1.2122591957449913e-02
1080 3 40 1.7276143655180931e-02
1081 3 41 -1.6134342178702354e-02
1082 3 42 7.1135669946670532e-02
1083 3 43 3.2965116202831268e-02
1084 3 44 1.5069326385855675e-02
1085 3 45 3.9618298411369324e-02
1086 3 46 4.0892295539379120e-02
1087 3 47 4.7048233449459076e-02
1088 3 48 5.9092104434967041e-02
1089 3 49 3.2035283744335175e-02
1090 3 50 -6.2532067298889160e-02
1091 3 51 3.2932855188846588e-02
1092 3 52 5.0610613077878952e-02
1093 3 53 9.7761288285255432e-02
1094 3 54 1.2528419494628906e-01
1095 3 55 -4.8723453655838966e-03
1096 3 56 1.8619582056999207e-02
1097 3 57 3.7742793560028076e-02
1098 3 58 9.0929958969354630e-03
1099 3 59 8.6937090381979942e-03
1100 3 60 9.1354316100478172e-03
1101 3 61 -5.3842395544052124e-02
1102 3 62 -4.9926467239856720e-02
1103 3 63 7.2260061278939247e-04
1104 3 64 -9.8135374486446381e-02
1105 3 65 4.3536677956581116e-02
1106 3 66 4.7941235825419426e-03
1107 3 67 1.0184073448181152e-01
1108 3 68 -4.1243139654397964e-02
1109 3 69 6.5430954098701477e-02
1110 3 70 5.6591026484966278e-02
1111 3 71 5.5985234677791595e-02
1112 3 72 2.5405477732419968e-02
1113 3 73 8.9770689606666565e-02
1114 3 74 -7.9075377434492111e-03
1115 3 75 7.8613162040710449e-03
1116 3 76 6.1205979436635971e-02
1117 3 77 -1.4924665912985802e-02
1118 3 78 1.0180978477001190e-01
1119 3 79 4.2486297897994518e-03
1120 3 80 6.6677860915660858e-02
1121 3 81 -2.7960655279457569e-03
1122 3 82 9.4410203397274017e-02
1123 3 83 7.6901063323020935e-02
1124 3 84 -3.8612168282270432e-02
1125 3 85 5.1288608461618423e-02
1126 3 86 1.3927564024925232e-02
1127 3 87 -4.1228453483199701e-05
1128 3 88 6.4679674804210663e-02
1129 3 89 5.9590566903352737e-02
1130 3 90 1.1271487921476364e-01
1131 3 91 -5.5335380136966705e-02
1132 3 92 -1.1547200381755829e-02
1133 3 93 -2.7628667652606964e-02
1134 3 94 3.5254593938589096e-02
1135 3 95 4.3304778635501862e-02
1136 3 96 5.3832560777664185e-02
1137 3 97 2.9712019488215446e-02
1138 3 98 -4.0834691375494003e-02
1139 3 99 -3.5886682569980621e-02
1140 3 100 4.9970623105764389e-02
1141 3 101 1.4558305032551289e-02
1142 3 102 8.6874663829803467e-02
1143 3 103 3.1978935003280640e-02
1144 3 104 3.3812932670116425e-02
1145 3 105 3.5474840551614761e-02
1146 3 106 1.0516133159399033e-01
1147 3 107 1.2039457447826862e-02
1148 3 108 3.3874306827783585e-02
1149 3 109 3.7840139120817184e-02
1150 3 110 -4.6342339366674423e-02
1151 3 111 9.0201511979103088e-02
1152 3 112 -2.2096866741776466e-02
1153 3 113 7.3020416311919689e-03
1154 3 114 8.6744278669357300e-02
1155 3 115 4.4787857681512833e-02
1156 3 116 3.3392224460840225e-02
1157 3 117 -2.7658011764287949e-02
1158 3 118 1.0822430998086929e-01
1159 3 119 -5.4339468479156494e-02
1160 3 120 -5.7478029280900955e-02
1161 3 121 5.0626285374164581e-02
1162 3 122 1.6846578568220139e-02
1163 3 123 -1.6475550830364227e-02
1164 3 124 -1.0118019767105579e-02
1165 3 125 -6.4941257238388062e-02
1166 3 126 1.8484191969037056e-02
1167 3 127 4.2897440493106842e-02
1168 3 128 6.0159824788570404e-02
1169 3 129 -7.5386270880699158e-02
1170 3 130 -3.6134996917098761e-03
1171 3 131 3.1677965074777603e-02
1172 3 132 2.9169751331210136e-02
1173 3 133 2.7410857379436493e-02
1174 3 134 -3.7036348134279251e-02
1175 3 135 3.1174646690487862e-02
1176 3 136 4.8894327133893967e-02
1177 3 137 1.8594691529870033e-02
1178 3 138 1.3265243172645569e-01
1179 3 139 -6.4168758690357208e-02
1180 3 140 5.8856373652815819e-03
1181 3 141 1.9413419067859650e-02
1182 3 142 2.1151209250092506e-02
1183 3 143 3.0095202848315239e-02
1184 3 144 -5.3121309727430344e-02
1185 3 145 5.4427247494459152e-02
1186 3 146 6.6158943809568882e-03
1187 3 147 -4.7257505357265472e-02
1188 3 148 -6.8691931664943695e-02
1189 3 149 7.3227733373641968e-02
1190 3 150 2.8030255809426308e-02
1191 3 151 -6.6831029951572418e-02
1192 3 152 -3.2599210739135742e-02
1193 3 153 9.1327866539359093e-03
1194 3 154 2.0730644464492798e-02
1195 3 155 1.0322241485118866e-01
1196 3 156 1.8389528617262840e-02
1197 3 157 4.8709255643188953e-03
1198 3 158 1.0110591351985931e-01
1199 3 159 3.0022837221622467e-02
1200 3 160 3.8590732961893082e-02
1201 3 161 1.0357482358813286e-02
1202 3 162 6.6490121185779572e-02
1203 3 163 5.1367953419685364e-02
1204 3 164 -1.4047333970665932e-02
1205 3 165 6.9202005863189697e-02
1206 3 166 3.6322694271802902e-02
1207 3 167 -5.9785999357700348e-02
1208 3 168 7.5334668159484863e-02
1209 3 169 1.9656831398606300e-02
1210 3 170 5.8492578566074371e-02
1211 3 171 4.8657413572072983e-03
1212 3 172 1.0136286169290543e-01
1213 3 173 9.2614896595478058e-02
1214 3 174 -2.6972793042659760e-02
1215 3 175 -5.1614537835121155e-02
1216 3 176 -1.1508516035974026e-02
1217 3 177 -2.3891266435384750e-02
1218 3 178 4.7004278749227524e-02
1219 3 179 -9.2415865510702133e-03
1220 3 180 1.4743950217962265e-02
1221 3 181 7.8406997025012970e-02
1222 3 182 9.1154076159000397e-02
1223 3 183 1.6432654112577438e-02
1224 3 184 1.0015718638896942e-01
1225 3 185 1.2898825109004974e-02
1226 3 186 8.3805747330188751e-02
1227 3 187 2.4956960231065750e-02
1228 3 188 -4.2207628488540649e-02
1229 3 189 4.9309421330690384e-02
1230 3 190 -6.7236453294754028e-02
1231 3 191 1.1548130959272385e-01
1232 3 192 6.3393801450729370e-02
1233 3 193 8.5224509239196777e-03
1234 3 194 -2.0771406590938568e-02
1235 3 195 -4.3156366795301437e-02
1236 3 196 7.5650893151760101e-02
1237 3 197 5.2973419427871704e-02
1238 3 198 7.1812607347965240e-02
1239 3 199 -4.4054210186004639e-02
1240 3 200 -4.8159454017877579e-03
1241 3 201 -1.4286842197179794e-02
1242 3 202 -3.3571798354387283e-02
1243 3 203 5.5524561554193497e-02
1244 3 204 2.6413319632411003e-02
1245 3 205 2.0601440221071243e-02
1246 3 206 9.0805113315582275e-02
1247 3 207 3.8748264312744141e-02
1248 3 208 5.3915921598672867e-02
1249 3 209 1.0700952261686325e-01
1250 3 210 -8.0562392249703407e-03
1251 3 211 -4.1200924664735794e-02
1252 3 212 -1.0404421016573906e-02
1253 3 213 8.2701735198497772e-02
1254 3 214 -3.2518025487661362e-02
1255 3 215 1.0596859455108643e-01
1256 3 216 6.2207650393247604e-02
1257 3 217 2.4559613317251205e-02
1258 3 218 3.8878370076417923e-02
1259 3 219 2.3255737498402596e-02
1260 3 220 4.0602441877126694e-02
1261 3 221 5.0612349063158035e-02
1262 3 222 2.0094064995646477e-02
1263 3 223 1.2756662070751190e-01
1264 3 224 6.3689090311527252e-02
1265 3 225 -5.0949617289006710e-03
1266 3 226 -5.1142122596502304e-02
1267 3 227 1.0246308520436287e-02
1268 3 228 -3.6220584064722061e-02
1269 3 229 3.8271345198154449e-02
1270 3 230 7.1276657283306122e-02
1271 3 231 3.0455794185400009e-03
1272 3 232 1.9403297454118729e-02
1273 3 233 3.5874966531991959e-02
1274 3 234 7.9079546034336090e-02
1275 3 235 -5.2565070800483227e-03
1276 3 236 -4.1900224983692169e-02
1277 3 237 -3.0766652897000313e-02
1278 3 238 5.8717757463455200e-02
1279 3 239 3.6966294050216675e-02
1280 3 240 -2.0290601998567581e-02
1281 3 241 2.3207293823361397e-02
1282 3 242 5.6620154529809952e-02
1283 3 243 4.8290848731994629e-02
1284 3 244 1.7185216769576073e-02
1285 3 245 1.0554910451173782e-01
1286 3 246 1.4361316338181496e-02
1287 3 247 -9.5289638265967369e-03
1288 3 248 -4.5145969837903976e-02
1289 3 249 -5.2983086556196213e-02
1290 3 250 1.2648228555917740e-02
1291 3 251 -1.4540472067892551e-02
1292 3 252 5.2426729351282120e-02
1293 3 253 -3.7072632461786270e-02
1294 3 254 2.8077578172087669e-02
1295 3 255 5.4922387003898621e-02
1296 3 256 -4.5388997532427311e-03
1297 4 1 -3.9668340235948563e-02
1298 4 2 -4.9951653927564621e-02
1299 4 3 1.8394025042653084e-02
1300 4 4 -2.1372910588979721e-02
1301 4 5 3.0269045382738113e-02
1302 4 6 9.4076476991176605e-02
1303 4 7 -4.4255353510379791e-02
1304 4 8 -5.5166330188512802e-02
1305 4 9 5.5242780596017838e-02
1306 4 10 4.4370915740728378e-02
