# global_node  layer_id  local_node  bias
785 2 1 -4.4857453554868698e-02
786 2 2 1.5859192237257957e-02
787 2 3 4.1112042963504791e-03
788 2 4 -8.5691064596176147e-03
789 2 5 3.7915691733360291e-02
790 2 6 -5.2478726953268051e-02
791 2 7 6.8145923316478729e-02
792 2 8 9.2016905546188354e-02
793 2 9 7.9210758209228516e-02
794 2 10 2.8822906315326691e-02
795 2 11 -3.4264188259840012e-02
796 2 12 5.5555035360157490e-03
797 2 13 -1.1925864033401012e-02
798 2 14 8.9463796466588974e-03
799 2 15 4.7428872436285019e-02
800 2 16 9.7408229485154152e-03
801 2 17 -2.7007807511836290e-03
802 2 18 7.4870251119136810e-02
803 2 19 -2.4438541382551193e-02
804 2 20 -1.5807325020432472e-02
805 2 21 5.6761158630251884e-03
806 2 22 1.0109619796276093e-01
807 2 23 3.9225630462169647e-03
808 2 24 4.9218229949474335e-02
809 2 25 -4.3870646506547928e-02
810 2 26 2.6121500879526138e-02
811 2 27 5.2116147708147764e-04
812 2 28 3.1616743654012680e-02
813 2 29 4.8699472099542618e-02
814 2 30 -1.8823307007551193e-02
815 2 31 4.7560308128595352e-02
816 2 32 -1.2003038078546524e-02
817 2 33 5.8171804994344711e-02
818 2 34 5.3533375263214111e-02
819 2 35 1.8831036984920502e-02
820 2 36 -3.3909317106008530e-02
821 2 37 1.5684600919485092e-02
822 2 38 -2.6324618607759476e-02
823 2 39 5.6907092221081257e-04
824 2 40 -1.5107507817447186e-02
825 2 41 -3.5188684705644846e-03
826 2 42 -1.9613869953900576e-03
827 2 43 -5.3023509681224823e-02
828 2 44 2.8238348662853241e-02
829 2 45 6.3666388392448425e-02
830 2 46 1.0090685449540615e-02
831 2 47 3.2760631293058395e-02
832 2 48 -4.3596651405096054e-02
833 2 49 -7.3133092373609543e-03
834 2 50 -2.6708059012889862e-02
835 2 51 -2.2796116769313812e-02
836 2 52 2.9638314619660378e-02
837 2 53 -7.9734474420547485e-02
838 2 54 3.3695821184664965e-03
839 2 55 -3.9706602692604065e-02
840 2 56 6.7886456847190857e-02
841 2 57 3.1347144395112991e-02
842 2 58 -6.9289933890104294e-03
843 2 59 7.4286013841629028e-02
844 2 60 9.6495728939771652e-03
845 2 61 2.3064600303769112e-02
846 2 62 1.7419300973415375e-02
847 2 63 1.7129892483353615e-02
848 2 64 1.7125584185123444e-02
849 2 65 3.7457671016454697e-02
850 2 66 -2.3875854909420013e-02
851 2 67 8.8754659518599510e-03
852 2 68 1.0300819762051105e-02
853 2 69 3.9149485528469086e-02
854 2 70 4.0021769702434540e-02
855 2 71 -1.6814341768622398e-02
856 2 72 -5.4304175078868866e-02
857 2 73 -3.7854660302400589e-02
858 2 74 1.0682013817131519e-02
859 2 75 -1.4429464936256409e-02
860 2 76 3.4762676805257797e-02
861 2 77 -2.5492077693343163e-02
862 2 78 1.9500436261296272e-02
863 2 79 4.0151018649339676e-02
864 2 80 -7.8667111694812775e-02
865 2 81 -5.9352185577154160e-02
866 2 82 1.5030960552394390e-02
867 2 83 1.1964805424213409e-01
868 2 84 -2.6102392002940178e-02
869 2 85 2.3098353296518326e-02
870 2 86 -4.9914728151634336e-04
871 2 87 -1.5766393393278122e-02
872 2 88 2.0938111469149590e-02
873 2 89 1.2211893685162067e-02
874 2 90 -5.8947619982063770e-03
875 2 91 -1.9984859973192215e-02
876 2 92 1.1453607585281134e-03
877 2 93 2.3349057883024216e-03
878 2 94 6.4233452081680298e-02
879 2 95 -2.9234670102596283e-02
880 2 96 -1.5532845631241798e-02
881 2 97 -1.6887204721570015e-02
882 2 98 -1.0955749079585075e-02
883 2 99 -1.3346701860427856e-02
884 2 100 -1.2731290422379971e-02
885 2 101 2.1640383638441563e-03
886 2 102 -7.5559061951935291e-03
887 2 103 3.3764000982046127e-02
888 2 104 -3.1256020069122314e-02
889 2 105 -1.0018329136073589e-02
890 2 106 -3.7863962352275848e-02
891 2 107 8.8683320209383965e-03
892 2 108 1.8720503896474838e-02
893 2 109 2.4972913786768913e-02
894 2 110 -3.7228584289550781e-02
895 2 111 2.7283107861876488e-02
896 2 112 3.3277180045843124e-02
897 2 113 7.1175418794155121e-02
898 2 114 3.6415588110685349e-02
899 2 115 5.7004608213901520e-02
900 2 116 9.0403787791728973e-02
901 2 117 4.8435319215059280e-02
902 2 118 3.0680136755108833e-02
903 2 119 2.3632466793060303e-02
904 2 120 2.4709612131118774e-02
905 2 121 -6.4605861902236938e-02
906 2 122 -2.1356292068958282e-02
907 2 123 -1.6329566016793251e-02
908 2 124 -2.8348105028271675e-02
909 2 125 1.6737626865506172e-02
910 2 126 3.0609363690018654e-02
911 2 127 4.6356163918972015e-02
912 2 128 1.2559467926621437e-02
913 2 129 -3.2963238656520844e-02
914 2 130 -4.1862785816192627e-02
915 2 131 1.7820021137595177e-02
916 2 132 5.7476930320262909e-02
917 2 133 -3.0636383220553398e-02
918 2 134 -9.0719424188137054e-03
919 2 135 -3.6473155021667480e-02
920 2 136 2.6049546897411346e-02
921 2 137 -2.1662762388586998e-02
922 2 138 3.6345008760690689e-02
923 2 139 7.0747129619121552e-02
924 2 140 1.1602484621107578e-02
925 2 141 -3.6828834563493729e-02
926 2 142 1.0097671300172806e-02
927 2 143 1.4367938973009586e-02
928 2 144 8.3536505699157715e-02
929 2 145 -3.1338565051555634e-02
930 2 146 6.1616364866495132e-02
931 2 147 7.1023538708686829e-02
932 2 148 4.9068637192249298e-02
933 2 149 5.6362454779446125e-03
934 2 150 6.0285214334726334e-02
935 2 151 -3.9976011961698532e-02
936 2 152 4.7388669103384018e-02
937 2 153 2.6605494320392609e-02
938 2 154 -8.1022225320339203e-02
939 2 155 4.6597041189670563e-02
940 2 156 2.2143102250993252e-03
941 2 157 3.9023018907755613e-03
942 2 158 3.3942047506570816e-02
943 2 159 3.7874884903430939e-02
944 2 160 -1.3910243287682533e-03
945 2 161 2.1626541391015053e-02
946 2 162 9.2132471036165953e-04
947 2 163 -5.0065442919731140e-02
948 2 164 -1.1911068111658096e-02
949 2 165 -9.2814126983284950e-03
950 2 166 4.8421550542116165e-02
951 2 167 -9.9846795201301575e-03
952 2 168 3.5791344940662384e-02
953 2 169 5.6231997907161713e-02
954 2 170 2.0473970100283623e-02
955 2 171 2.6522357016801834e-02
956 2 172 1.1964505910873413e-01
957 2 173 -2.2029981017112732e-02
958 2 174 1.1420096270740032e-02
959 2 175 -2.3185405880212784e-02
960 2 176 -3.0580959282815456e-03
961 2 177 -1.9445745274424553e-02
962 2 178 -6.0200789012014866e-03
963 2 179 2.5582421571016312e-02
964 2 180 3.0693162232637405e-02
965 2 181 -1.3940009288489819e-02
966 2 182 2.3897031787782907e-03
967 2 183 7.8623183071613312e-03
968 2 184 6.0329116880893707e-02
969 2 185 4.1223324835300446e-02
970 2 186 -6.0842767357826233e-02
971 2 187 5.9969346970319748e-02
972 2 188 8.5450289770960808e-03
973 2 189 2.1791826002299786e-03
974 2 190 -2.0918963477015495e-02
975 2 191 6.9321743212640285e-03
976 2 192 1.2956626713275909e-01
977 2 193 4.8053748905658722e-02
978 2 194 -2.1308748051524162e-02
979 2 195 3.3836487680673599e-02
980 2 196 1.7855495214462280e-02
981 2 197 2.3381976410746574e-02
982 2 198 6.4778834581375122e-02
983 2 199 4.2296256870031357e-03
984 2 200 9.6035443246364594e-02
985 2 201 3.0809463933110237e-02
986 2 202 -2.2925922647118568e-02
987 2 203 5.0704669207334518e-02
988 2 204 -1.5179711394011974e-02
989 2 205 -4.1022401303052902e-02
990 2 206 -6.2397163361310959e-02
991 2 207 2.6018591597676277e-02
992 2 208 1.0519745759665966e-02
993 2 209 -9.7779054194688797e-03
994 2 210 8.9966645464301109e-03
995 2 211 4.0110472589731216e-02
996 2 212 3.6237172782421112e-02
997 2 213 -2.2781891748309135e-02
998 2 214 4.0434662252664566e-02
999 2 215 1.4093219302594662e-02
1000 2 216 -7.9029044136404991e-03
1001 2 217 1.8572829430922866e-03
1002 2 218 -3.2355807721614838e-02
1003 2 219 3.8986988365650177e-02
1004 2 220 -2.2638255730271339e-02
1005 2 221 5.6340474635362625e-02
1006 2 222 4.9101691693067551e-02
1007 2 223 6.7230425775051117e-02
1008 2 224 -5.8383930474519730e-02
1009 2 225 1.4615087769925594e-02
1010 2 226 -1.3966406695544720e-02
1011 2 227 -3.3085722476243973e-02
1012 2 228 -1.7542535439133644e-02
1013 2 229 -7.3595449328422546e-02
1014 2 230 -8.1650419160723686e-03
1015 2 231 1.6535822302103043e-02
1016 2 232 2.1376818418502808e-02
1017 2 233 6.8104923702776432e-03
1018 2 234 2.1484384313225746e-02
1019 2 235 -2.9029695317149162e-02
1020 2 236 -3.9224151521921158e-02
1021 2 237 -1.9923349842429161e-02
1022 2 238 1.9321801140904427e-02
1023 2 239 -4.0805381722748280e-03
1024 2 240 9.7154006361961365e-02
1025 2 241 3.0719859525561333e-02
1026 2 242 -1.0117923840880394e-02
1027 2 243 4.1775539517402649e-02
1028 2 244 2.3670470342040062e-02
1029 2 245 6.4946226775646210e-03
1030 2 246 4.2147897183895111e-02
1031 2 247 -5.4913964122533798e-03
1032 2 248 7.0907077752053738e-03
1033 2 249 2.3444635793566704e-02
1034 2 250 8.7356582283973694e-02
1035 2 251 2.1646363660693169e-02
1036 2 252 -4.1340287774801254e-02
1037 2 253 5.5796779692173004e-02
1038 2 254 9.3973889946937561e-02
1039 2 255 -1.7758892849087715e-02
1040 2 256 -2.5555813685059547e-02
1041 3 1 -5.6935962289571762e-02
1042 3 2 5.3130339831113815e-02
1043 3 3 -2.8604039922356606e-02
1044 3 4 5.4205901920795441e-02
1045 3 5 -4.0488103404641151e-03
1046 3 6 1.0657136328518391e-02
1047 3 7 -3.9837438613176346e-02
1048 3 8 2.0410690456628799e-02
1049 3 9 3.2016579061746597e-02
1050 3 10 8.0436304211616516e-02
1051 3 11 9.3899883329868317e-02
1052 3 12 3.0069049447774887e-02
1053 3 13 -2.5748521089553833e-02
1054 3 14 -2.4742718786001205e-02
1055 3 15 2.2226453293114901e-03
1056 3 16 -3.8765814155340195e-02
1057 3 17 1.3224981725215912e-02
1058 3 18 7.6081477105617523e-02
1059 3 19 6.2298271805047989e-02
1060 3 20 -2.9315900057554245e-02
1061 3 21 -1.0188786312937737e-02
1062 3 22 -9.0618908405303955e-02
1063 3 23 6.7449420690536499e-02
1064 3 24 6.9913670420646667e-02
1065 3 25 8.6415283381938934e-02
1066 3 26 -3.2461270689964294e-02
1067 3 27 -1.6434341669082642e-02
1068 3 28 -3.1476195901632309e-02
1069 3 29 6.7081972956657410e-02
1070 3 30 6.9720014929771423e-02
1071 3 31 1.2293433770537376e-02
1072 3 32 9.7943469882011414e-02
1073 3 33 -6.1440117657184601e-02
1074 3 34 -2.9429823160171509e-02
1075 3 35 1.5457850880920887e-02
1076 3 36 -2.4609267711639404e-02
1077 3 37 -4.2484320700168610e-02
1078 3 38 2.1601754706352949e-03
1079 3 39 3.0193155631422997e-02
1080 3 40 2.7966227382421494e-02
1081 3 41 -2.7560262009501457e-02
1082 3 42 6.5811835229396820e-02
1083 3 43 9.6864346414804459e-03
1084 3 44 3.5360886249691248e-03
1085 3 45 1.0403011739253998e-01
1086 3 46 -2.8485005721449852e-02
1087 3 47 8.2581654191017151e-02
1088 3 48 2.4696663022041321e-02
1089 3 49 6.1022847890853882e-02
1090 3 50 -5.6316014379262924e-02
1091 3 51 2.5523800402879715e-02
1092 3 52 9.0250156819820404e-02
1093 3 53 6.0223493725061417e-02
1094 3 54 8.8432952761650085e-02
1095 3 55 -5.3738971473649144e-04
1096 3 56 4.3417729437351227e-02
1097 3 57 -5.0475243479013443e-03
1098 3 58 -1.6868442296981812e-02
1099 3 59 -2.5630636140704155e-02
1100 3 60 4.7550950199365616e-02
1101 3 61 -4.1303023695945740e-02
1102 3 62 -2.8905384242534637e-02
1103 3 63 2.5212630629539490e-02
1104 3 64 -6.1682287603616714e-02
1105 3 65 2.4993706494569778e-02
1106 3 66 -2.3771885782480240e-02
1107 3 67 9.4418890774250031e-02
1108 3 68 -7.6214201748371124e-02
1109 3 69 3.6761384457349777e-02
1110 3 70 6.2629655003547668e-02
1111 3 71 6.0523867607116699e-02
1112 3 72 -2.3516695946455002e-03
1113 3 73 7.0258416235446930e-02
1114 3 74 -4.0297389030456543e-02
1115 3 75 -1.9747439771890640e-02
1116 3 76 5.2349157631397247e-02
1117 3 77 -7.2575774975121021e-03
1118 3 78 5.6893538683652878e-02
1119 3 79 9.1673592105507851e-03
1120 3 80 9.4543911516666412e-02
1121 3 81 1.7312288982793689e-03
1122 3 82 7.8576639294624329e-02
1123 3 83 3.3856481313705444e-02
1124 3 84 -4.7418624162673950e-02
1125 3 85 4.1840799152851105e-02
1126 3 86 -3.3311739563941956e-02
1127 3 87 -4.7475200146436691e-02
1128 3 88 4.5450065284967422e-02
1129 3 89 1.2122669070959091e-01
1130 3 90 8.2427985966205597e-02
1131 3 91 -2.3356815800070763e-02
1132 3 92 -2.3216921836137772e-02
1133 3 93 3.6459360271692276e-02
1134 3 94 2.4337019771337509e-02
1135 3 95 3.6946404725313187e-02
1136 3 96 -4.1682541370391846e-02
1137 3 97 3.3652670681476593e-02
1138 3 98 -3.4543089568614960e-02
1139 3 99 -1.2411414645612240e-02
1140 3 100 6.7928947508335114e-02
1141 3 101 -5.9582833200693130e-03
1142 3 102 2.3160791024565697e-02
1143 3 103 5.8699194341897964e-02
1144 3 104 -2.8687186539173126e-02
1145 3 105 -1.5522428788244724e-02
1146 3 106 3.8888037204742432e-02
1147 3 107 1.1367839761078358e-02
1148 3 108 6.7698538303375244e-02
1149 3 109 2.1573293954133987e-02
1150 3 110 -5.4011687636375427e-02
1151 3 111 6.3560597598552704e-02
1152 3 112 -4.5802075415849686e-02
1153 3 113 5.8002071455121040e-03
1154 3 114 7.5891859829425812e-02
1155 3 115 8.0093638971447945e-03
1156 3 116 7.2671107947826385e-02
1157 3 117 -4.3065432459115982e-02
1158 3 118 8.8144212961196899e-02
1159 3 119 -5.2372179925441742e-02
1160 3 120 -3.3604137599468231e-02
1161 3 121 -1.3520977459847927e-02
1162 3 122 5.5574238300323486e-02
1163 3 123 -2.5773987174034119e-02
1164 3 124 -1.0825982317328453e-02
1165 3 125 -6.2875665724277496e-02
1166 3 126 2.7869343757629395e-02
1167 3 127 1.0376898199319839e-01
1168 3 128 4.7020886093378067e-02
1169 3 129 -5.1121003925800323e-02
1170 3 130 -1.8126709619536996e-03
1171 3 131 3.8700301200151443e-02
1172 3 132 1.4621461741626263e-02
1173 3 133 2.2901637479662895e-02
1174 3 134 -3.1386585906147957e-03
1175 3 135 -2.8463171329349279e-03
1176 3 136 4.7350361943244934e-02
1177 3 137 1.7668487504124641e-02
1178 3 138 1.1460726708173752e-01
1179 3 139 -5.9021200984716415e-02
1180 3 140 -1.1733845807611942e-02
1181 3 141 2.4274101480841637e-02
1182 3 142 2.9491301625967026e-02
1183 3 143 3.7954650819301605e-02
1184 3 144 -1.8197059631347656e-02
1185 3 145 -8.0319726839661598e-04
1186 3 146 1.9017880782485008e-02
1187 3 147 -4.6550471335649490e-02
1188 3 148 -6.9051139056682587e-02
1189 3 149 4.3219324201345444e-02
1190 3 150 4.4009624980390072e-03
1191 3 151 -2.9827440157532692e-02
1192 3 152 -1.4800134114921093e-02
1193 3 153 3.4757662564516068e-02
1194 3 154 7.4160791933536530e-02
1195 3 155 1.0428304225206375e-01
1196 3 156 6.3674017786979675e-02
1197 3 157 -3.0472652986645699e-02
1198 3 158 3.3220957964658737e-02
1199 3 159 5.5589701514691114e-04
1200 3 160 1.4985456073191017e-04
1201 3 161 1.1529865674674511e-02
1202 3 162 2.3835312575101852e-02
1203 3 163 3.7614066153764725e-02
1204 3 164 -2.9134867712855339e-02
1205 3 165 4.8727551475167274e-03
1206 3 166 3.5405118018388748e-02
1207 3 167 -3.6660604178905487e-02
1208 3 168 3.6207251250743866e-02
1209 3 169 2.9167586937546730e-02
1210 3 170 4.8123702406883240e-02
1211 3 171 9.3218619003891945e-03
1212 3 172 1.3963137567043304e-01
1213 3 173 5.8496888726949692e-02
1214 3 174 9.1054718941450119e-03
1215 3 175 -4.8639968037605286e-02
1216 3 176 1.3079963624477386e-02
1217 3 177 -3.6607649177312851e-02
1218 3 178 -2.6018667966127396e-02
1219 3 179 -1.4877631328999996e-02
1220 3 180 -2.3163347505033016e-03
1221 3 181 4.2668014764785767e-02
1222 3 182 8.1250511109828949e-02
1223 3 183 3.2992381602525711e-02
1224 3 184 6.5719045698642731e-02
1225 3 185 1.8575394526124001e-02
1226 3 186 6.4276412129402161e-02
1227 3 187 2.2491490468382835e-02
1228 3 188 -3.5121947526931763e-02
1229 3 189 -3.0748326331377029e-02
1230 3 190 -5.5444933474063873e-02
1231 3 191 8.0152519047260284e-02
1232 3 192 5.9739623218774796e-02
1233 3 193 -1.2783900834619999e-02
1234 3 194 -5.9906065464019775e-02
1235 3 195 -6.7501552402973175e-02
1236 3 196 7.2167567908763885e-02
1237 3 197 3.7007000297307968e-02
1238 3 198 3.7612404674291611e-02
1239 3 199 -2.8373980894684792e-02
1240 3 200 1.3141410425305367e-02
1241 3 201 -3.3162701874971390e-02
1242 3 202 -4.3280720710754395e-02
1243 3 203 8.2533925771713257e-02
1244 3 204 2.4808036163449287e-02
1245 3 205 3.5020731389522552e-02
1246 3 206 8.2096599042415619e-02
1247 3 207 3.4242708235979080e-02
1248 3 208 7.5208231806755066e-02
1249 3 209 5.7798299938440323e-02
1250 3 210 -1.3709788210690022e-02
1251 3 211 -3.2001037150621414e-02
1252 3 212 -3.3425163477659225e-02
1253 3 213 5.5035006254911423e-02
1254 3 214 -2.8235500678420067e-02
1255 3 215 1.1486138403415680e-01
1256 3 216 7.4897877871990204e-02
1257 3 217 1.3734718784689903e-02
1258 3 218 6.0350648127496243e-03
1259 3 219 2.0710442215204239e-02
1260 3 220 -2.5788526982069016e-02
1261 3 221 3.0107770115137100e-02
1262 3 222 3.5073298960924149e-02
1263 3 223 1.1475850641727448e-01
1264 3 224 1.0439777374267578e-01
1265 3 225 6.8985461257398129e-03
1266 3 226 -4.1546121239662170e-02
1267 3 227 3.5787806846201420e-03
1268 3 228 -3.8719894364476204e-03
1269 3 229 2.5835780426859856e-02
1270 3 230 3.8137674331665039e-02
1271 3 231 1.2182001024484634e-02
1272 3 232 2.0996961742639542e-02
1273 3 233 5.0152279436588287e-04
1274 3 234 2.1993540227413177e-02
1275 3 235 1.0347014293074608e-02
1276 3 236 -1.7518321052193642e-02
1277 3 237 -4.3216213583946228e-02
1278 3 238 2.3441061377525330e-02
1279 3 239 4.5328851789236069e-02
1280 3 240 2.5496924296021461e-02
1281 3 241 -2.7785314247012138e-02
1282 3 242 5.2708290517330170e-02
1283 3 243 4.3370004743337631e-02
1284 3 244 6.7131379619240761e-03
1285 3 245 8.8474884629249573e-02
1286 3 246 -3.7502575665712357e-02
1287 3 247 -6.7039276473224163e-03
1288 3 248 -1.6686230897903442e-02
1289 3 249 -3.6715906113386154e-02
1290 3 250 2.4621451273560524e-02
1291 3 251 -5.6015942245721817e-03
1292 3 252 4.5168891549110413e-02
1293 3 253 -4.2892526835203171e-02
1294 3 254 2.7764599770307541e-02
1295 3 255 5.3768150508403778e-02
1296 3 256 -3.3642433583736420e-02
1297 4 1 -1.7823401093482971e-01
1298 4 2 1.6089737415313721e-01
1299 4 3 -2.3820972070097923e-02
1300 4 4 -1.2740643322467804e-01
1301 4 5 6.7254289984703064e-02
1302 4 6 2.1927891671657562e-01
1303 4 7 -1.6096524894237518e-02
1304 4 8 3.4339047968387604e-02
1305 4 9 -1.2518845498561859e-01
1306 4 10 4.8353571444749832e-02
