id,stability,max_real_part,max_kappa_in,min_kappa_in,max_kappa_out,min_kappa_out
1,stable,-1.000000000000000,6.402096874546260,-4.789486573747126,2.349672459415160,-2.085164667398203
2,stable,-1.000000000000000,6.157516852486879,-5.693652535526780,2.600234921692390,-2.590839745636913
3,stable,-1.000000000000000,6.161734966452059,-6.157686936523532,2.480333088111365,-2.232983697409509
4,stable,-1.000000000000000,6.053658132790588,-4.904175410047174,2.571617764479015,-2.208680141346122
5,stable,-1.000000000000000,6.336463560350239,-5.482482400257140,2.618655942516853,-2.037219486373942
6,stable,-1.000000000000000,6.952277134056203,-4.444266335711291,2.496830021802452,-2.088630162208574
7,stable,-1.000000000000000,5.930161703843623,-4.847278858884238,2.657412999149528,-2.100411109742709
8,stable,-1.000000000000000,5.866068149633065,-5.406218884018017,2.663812123522803,-2.330444268125575
9,stable,-1.000000000000000,6.556976268533617,-4.798939611922833,2.700738590210676,-2.547752122103702
10,stable,-1.000000000000000,6.146867628092878,-6.069701464148238,2.643504892781493,-2.063087832226302
11,stable,-1.000000000000000,5.952143139671534,-5.167837058768782,2.522671703845845,-1.951505039527547
12,stable,-1.000000000000000,6.202126412143116,-4.624787508124427,2.407903579580307,-2.400097635749262
13,stable,-1.000000000000000,6.351697306963615,-5.545658287330298,2.486263675666123,-1.928046965796966
14,stable,-1.000000000000000,6.784159744274803,-6.164524387073470,2.720503969816491,-2.025185843667714
15,stable,-1.000000000000000,6.353651179248118,-5.152598172455328,2.573909907674533,-2.222268522193190
16,stable,-1.000000000000000,5.841489811311476,-4.455921555054374,2.688833194661129,-2.286656675569247
17,stable,-1.000000000000000,5.911445072764764,-5.618864160031080,2.777193628826353,-2.075914661050774
18,stable,-1.000000000000000,5.680448945844546,-5.508240480907261,2.809155270042538,-2.142410309577826
19,stable,-1.000000000000000,5.966400381665153,-4.739100766601041,2.497948740914580,-2.215359266207088
20,stable,-1.000000000000000,6.114324919486535,-5.108208393561654,2.621932211098738,-2.125473624735605
21,stable,-1.000000000000000,6.062871481088223,-5.238140259636566,2.740180287153635,-2.154580874994281
22,stable,-1.000000000000000,5.869196094776271,-5.262835908652050,2.487238666508347,-2.061125307955081
23,stable,-1.000000000000000,5.805419933945814,-5.376830978784710,2.688190788176144,-2.007450590608642
24,stable,-1.000000000000000,6.729121894284617,-4.803541071451036,2.595513566475347,-2.485286009439733
25,stable,-1.000000000000000,6.413904832908884,-5.249836040253285,2.574219052148692,-2.128694832616020
26,stable,-1.000000000000000,5.919141069054604,-5.476879748515785,2.534071186353685,-2.007743932830635
27,stable,-1.000000000000000,5.854471719218054,-5.467817354830913,2.615485722773883,-2.351531019143295
28,stable,-1.000000000000000,5.921106026362395,-5.430139454867458,2.736441033426672,-2.572238979802933
29,stable,-1.000000000000000,6.479826851282269,-5.158981115760980,2.646106972504640,-1.846604330159607
30,stable,-1.000000000000000,6.386682677548379,-5.313246789504774,2.516406457531048,-2.452389968559146
31,stable,-1.000000000000000,6.391551891176277,-5.240173946134746,2.789448910203646,-1.855592800246086
32,stable,-1.000000000000000,6.997210920031648,-5.693864749249769,2.519020150391952,-2.271540710295085
33,stable,-1.000000000000000,6.068644660990685,-5.492566002096282,2.591143625606492,-2.110281091125216
34,stable,-1.000000000000000,6.287319653201848,-5.498392164241523,2.650044534020708,-2.404530355997849
35,stable,-1.000000000000000,7.329275090654846,-5.878512236522511,2.764042267772311,-2.505620823416393
36,stable,-1.000000000000000,7.204031919769477,-5.748886472196318,2.548406662877824,-1.994577291188762
37,stable,-1.000000000000000,6.735285463393666,-6.144898808690414,2.865051931075868,-2.296042443136685
38,stable,-1.000000000000000,6.010327506839531,-5.180609819013625,2.483840746883288,-2.017745565448422
39,stable,-1.000000000000000,6.127703453879803,-5.821042034149286,2.649334770001587,-2.052172672381857
40,stable,-1.000000000000000,6.792070015333593,-4.702682898539933,3.225318024917215,-2.386953731707763
41,stable,-1.000000000000000,5.949594516423531,-6.944827083163545,2.528526164358482,-2.046661643311381
42,stable,-1.000000000000000,6.272029622225091,-5.295434963423759,2.588864855664724,-2.158367112453561
43,stable,-1.000000000000000,5.819076466745173,-4.413821593159810,2.569927889693645,-1.958767507603625
44,stable,-1.000000000000000,6.185185318696313,-5.071484764528577,2.827445463677577,-2.029870471073082
45,stable,-1.000000000000000,6.608887363341637,-5.517026916146278,2.824734929861734,-2.182255552615970
46,stable,-1.000000000000000,5.930769257887732,-6.106004097935511,2.726365791568242,-1.932565314855310
47,stable,-1.000000000000000,5.778504772577435,-4.746410225023283,2.831683178097592,-2.242166083713528
48,stable,-1.000000000000000,6.100354945636354,-5.989231055486016,2.688363398017827,-2.283118251303677
49,stable,-1.000000000000000,6.310202117543668,-4.879582959460095,2.449539126959280,-2.324649561720435
50,stable,-1.000000000000000,5.914997118889005,-5.122184009407647,2.841715817485237,-2.432603860332165
51,stable,-1.000000000000000,6.282674642570782,-4.810184249930899,2.817761459416943,-2.456653851608280
52,stable,-1.000000000000000,5.912229877489153,-5.456738581182435,2.615450940633309,-2.032426156391011
53,stable,-1.000000000000000,5.875533049373189,-4.891712248558179,2.526036313807708,-1.892901369079482
54,stable,-1.000000000000000,5.617049007560126,-4.746597474208102,2.707716381250066,-1.887904623436043
55,stable,-1.000000000000000,6.320020314306021,-5.401926030084724,2.787712022276537,-2.442437479563523
56,stable,-1.000000000000000,5.681141431930882,-6.323263896600110,2.799573404487091,-2.026170588680543
57,stable,-1.000000000000000,5.616107452806318,-5.851086283772020,2.460285069217207,-2.317934327118564
58,stable,-1.000000000000000,5.933429038130271,-5.423857187619433,2.653671137877609,-2.173226517799776
59,stable,-1.000000000000000,5.970880671404302,-5.458598749799421,2.583404623612296,-1.843130751920398
60,stable,-1.000000000000000,5.836988660128554,-5.108499836147530,2.627459509210894,-2.265005573688541
61,stable,-1.000000000000000,6.232831811154028,-5.098408135818318,2.567587391085908,-2.382977398461662
62,stable,-1.000000000000000,5.961035888525657,-5.070694971363991,2.714190056256484,-2.131805022858316
63,stable,-1.000000000000000,6.854785694391467,-4.443244338617660,2.612549211020450,-2.202889876847621
64,stable,-1.000000000000000,6.301984501304105,-5.588049649930326,2.483479781954884,-1.739869246055605
65,stable,-1.000000000000000,5.903624405960727,-4.902255834545940,2.525666792927950,-2.529875225271098
66,stable,-1.000000000000000,7.315603712922893,-4.992432631959673,2.622335441774339,-2.411040041173692
67,stable,-1.000000000000000,7.848926359787583,-6.076864953385666,2.611904596378736,-2.343283851805609
68,stable,-1.000000000000000,5.885557378314843,-5.045986191340489,2.476309296753243,-1.981156797904987
69,stable,-1.000000000000000,6.230936045583803,-4.566471138852648,2.982559113348543,-2.122508283064235
70,stable,-1.000000000000000,5.675890188664198,-5.154338825028390,2.700892954439041,-2.210436805326026
71,stable,-1.000000000000000,5.648933380667586,-4.634231049436494,2.972377246900578,-2.534031414601486
72,stable,-1.000000000000000,6.129055663790496,-4.457470438690507,2.523589985125000,-2.234519750461914
73,stable,-1.000000000000000,6.061488705396187,-5.583757017710013,2.636194165708730,-2.269841704750434
74,stable,-1.000000000000000,5.991933455923572,-6.115215338300914,2.441127503807365,-2.170777946885210
75,stable,-1.000000000000000,5.839377876574872,-5.867992985527962,2.581302771190167,-2.102603701816406
76,stable,-1.000000000000000,7.094821736885933,-5.254164257989032,3.306176194513682,-2.185048706305679
77,stable,-1.000000000000000,6.882523167238105,-4.942786968778819,2.716585952162859,-2.181017780385446
78,stable,-1.000000000000000,6.295911583700217,-5.138046070904238,2.525536669563735,-2.035144651192240
79,stable,-1.000000000000000,6.086745210370282,-5.209651165612740,2.712203855422558,-1.889067556534428
80,stable,-1.000000000000000,6.026200954569504,-4.848890296620084,2.709265540543129,-2.034787320677424
81,stable,-1.000000000000000,5.882298730459297,-5.146104693762027,2.462961618206464,-2.396940534177702
82,stable,-1.000000000000000,5.470218977425247,-5.686464341590181,2.576238489506068,-2.140697116657975
83,stable,-1.000000000000000,6.285591262858361,-5.562672210391611,2.650619227511925,-2.160102461464703
84,stable,-1.000000000000000,5.782223451256868,-4.478252550899924,2.381999691533565,-2.205823415599298
85,stable,-1.000000000000000,5.942850946739782,-4.527750605077017,2.580817498848774,-1.983823653426953
86,stable,-1.000000000000000,5.692550805950304,-5.182460148789687,2.539518856327049,-2.212348936664057
87,stable,-1.000000000000000,7.414636913046706,-6.254894410260022,2.434634316552547,-1.946422005523345
88,stable,-1.000000000000000,6.013038816432527,-5.090006001992151,2.557153822301188,-2.436321754852543
89,stable,-1.000000000000000,7.030757863656618,-4.589889968861826,2.615128703117080,-2.121556092402898
90,stable,-1.000000000000000,5.757615513190103,-5.010226547157799,2.735204711338156,-2.587569503288250
91,stable,-1.000000000000000,6.791097680281382,-4.686195307876915,2.583650935419428,-2.328993275499670
92,stable,-1.000000000000000,6.538266082527116,-4.708379386531305,2.663545231887838,-1.972935157478787
93,stable,-1.000000000000000,6.218332826625556,-5.454412486928049,2.643803530954756,-2.276271576352883
94,stable,-1.000000000000000,8.305832068494055,-5.471495146863163,2.775633913377533,-1.971876779978629
95,stable,-1.000000000000000,6.455142281440203,-5.200719333719462,2.479026521643391,-1.748101250506807
96,stable,-1.000000000000000,6.019413657093537,-5.312080811214400,2.501764808577718,-2.317023704235908
97,stable,-1.000000000000000,6.456814409670187,-5.127532198530389,2.491711588052567,-2.239455503819045
98,stable,-1.000000000000000,6.198137514176778,-4.676187301985919,2.623044118590769,-2.317932291189209
99,stable,-1.000000000000000,6.000444007455371,-4.547570053735399,2.742993179090263,-2.557246277050581
100,stable,-1.000000000000000,6.137849820777774,-4.686328624607995,2.883374850316613,-1.979055446048733
101,stable,-1.000000000000000,6.495519151329063,-4.719359525421169,2.936827515863115,-2.399793406249955
102,stable,-1.000000000000000,6.106627670233138,-4.741623586945934,2.722439765027957,-2.167355029087048
103,stable,-1.000000000000000,6.042238045221893,-4.467146146344021,2.700025587095297,-2.413912953750696
104,stable,-1.000000000000000,6.216614956385456,-4.812040272634476,2.649421080626780,-2.039697051965049
105,stable,-1.000000000000000,5.960271266594646,-4.945274768862873,2.402602368616499,-1.969011497159954
106,stable,-1.000000000000000,5.842050930303230,-5.145027504069731,2.804718636849429,-2.318909499153960
107,stable,-1.000000000000000,6.984834729926661,-5.460659287084127,2.688941100612283,-2.306549866683781
108,stable,-1.000000000000000,6.052986104063166,-5.357504129875451,2.560708158416674,-2.435742075787857
109,stable,-1.000000000000000,6.110603149005328,-5.011747494776500,2.641163734042493,-2.142404246056685
110,stable,-1.000000000000000,6.209723939740798,-4.921872350932972,2.547746718302733,-2.040136509574950
111,stable,-1.000000000000000,6.196267203617026,-4.607622999930754,3.006142903133878,-2.250405657046940
112,stable,-1.000000000000000,5.908324625343084,-5.854781036032364,2.423615833749864,-2.243671568372520
113,stable,-1.000000000000000,6.114254566004092,-4.962090152723249,2.640981225602445,-1.964423607249046
114,stable,-1.000000000000000,6.763825479894876,-5.319238055297319,2.614462762285257,-2.127167447295506
115,stable,-1.000000000000000,6.194118284140131,-5.073459377133986,2.678771148188389,-2.147029861982446
116,stable,-1.000000000000000,6.023504740325734,-5.498348459805129,2.719826673361240,-1.914423618873116
117,stable,-1.000000000000000,6.161857836785202,-5.712241990200710,2.655262391075667,-2.316459235182265
118,stable,-1.000000000000000,6.292067618807778,-4.727722068746516,2.793409095429524,-2.192592384002637
119,stable,-1.000000000000000,5.637412968033459,-5.566469408106059,2.675431619180017,-2.143049013451673
120,stable,-1.000000000000000,6.832546621444635,-4.749114414677024,2.715775323129492,-2.273327480972512
121,stable,-1.000000000000000,6.076747645274736,-5.109024580189725,2.505497062467839,-2.093458051735070
122,stable,-1.000000000000000,6.456766335992143,-4.865882512240205,2.627484046815880,-1.989061564847361
123,stable,-1.000000000000000,6.073002493860258,-5.779608197481139,2.880565099803789,-1.937617482413771
124,stable,-1.000000000000000,6.506534006679431,-5.071520612480526,2.531498140706390,-2.056003453035373
125,stable,-1.000000000000000,6.259784426889382,-5.273816292406991,2.670011029069428,-2.190464649145724
126,stable,-1.000000000000000,5.781119003811909,-5.869314220239175,2.483335304299544,-2.420186893257778
127,stable,-1.000000000000000,6.550309441750869,-5.188187612831825,2.666614995156124,-2.007849627159885
128,stable,-1.000000000000000,5.987571531615686,-6.410721713211387,2.501938109760886,-2.131185921491124
129,stable,-1.000000000000000,6.978044245857745,-5.364934539655223,2.486436364182737,-2.005063714168500
130,stable,-1.000000000000000,6.005806609427964,-6.324982124991948,2.612745373398866,-2.150552620005328
131,stable,-1.000000000000000,6.483857519735466,-5.330800772811926,2.521679000579752,-2.204333032947034
132,stable,-1.000000000000000,5.771145131671801,-5.636432025581598,2.661368898412547,-2.108020493527874
133,stable,-1.000000000000000,6.452129227342084,-4.645656792014051,2.534369309716567,-2.484262432059040
134,stable,-1.000000000000000,6.197198087465949,-5.294769709435059,2.689780730899656,-2.172366723680170
135,stable,-1.000000000000000,6.229315426833637,-5.720206440862967,2.542470894244616,-1.966230311016261
136,stable,-1.000000000000000,7.829733427497558,-5.135670027881133,2.587876896985108,-2.406883627176285
137,stable,-1.000000000000000,5.512239281102666,-4.032474514817295,2.568424246937866,-2.493748966488056
138,stable,-1.000000000000000,5.861625498764624,-5.414642873656703,2.801122511416906,-2.016990322095808
139,stable,-1.000000000000000,6.636211537901545,-5.262089974101400,2.533559784365934,-2.374251393615850
140,stable,-1.000000000000000,6.047671943859314,-6.131322641886072,2.709390743941185,-1.964738001988735
141,stable,-1.000000000000000,6.011941016091441,-4.873409167361388,2.399125290714437,-2.033858338283608
142,stable,-1.000000000000000,6.684400054160506,-4.677924185791198,2.614477814640850,-2.164929530292284
143,stable,-1.000000000000000,5.855117175675332,-4.999105597817106,2.656253399938578,-2.464812748192344
144,stable,-1.000000000000000,6.007027365099930,-5.280918087810278,2.474786571183358,-2.093044001550879
145,stable,-1.000000000000000,5.825683590606786,-5.157806159462780,2.688032843987457,-2.126322134281509
146,stable,-1.000000000000000,6.341682951897383,-5.058170829550363,2.810570045890927,-2.050116898542910
147,stable,-1.000000000000000,6.334731155540794,-5.193875810597092,2.473575473057281,-2.285810358764138
148,stable,-1.000000000000000,7.694994654506445,-4.677354661253048,2.699665057298262,-2.605869142164011
149,stable,-1.000000000000000,6.025407101282326,-5.436130486094044,2.543112910818309,-2.447520845511463
150,stable,-1.000000000000000,5.861267313885037,-5.757207895134343,2.663954234245466,-2.028569624613738
151,stable,-1.000000000000000,6.090976675062848,-4.948057731839071,2.404823955781467,-2.331192583485972
152,stable,-1.000000000000000,6.343417683441658,-4.621374672300590,2.640112377383048,-2.228180815960513
153,stable,-1.000000000000000,7.028842852916569,-5.244624656159431,2.715729370916961,-2.394269946380518
154,stable,-1.000000000000000,5.814445459051058,-6.213102990062907,2.688208635016053,-2.227711561252363
155,stable,-1.000000000000000,6.206383731681854,-5.003681822679937,2.663461271004053,-2.098864602681715
156,stable,-1.000000000000000,6.084809944237350,-5.640528869349509,2.645236460724846,-2.323532304959372
157,stable,-1.000000000000000,6.155504016205668,-5.652735334093450,2.788566294817429,-2.289767146270606
158,stable,-1.000000000000000,6.195697697403375,-5.633040249580517,2.654109587620042,-2.288871999888215
159,stable,-1.000000000000000,6.970189994317479,-5.188152337679639,2.653998381458223,-1.987909521805705
160,stable,-1.000000000000000,5.833894241863163,-5.842987320618704,2.538159067989909,-2.389289075887064
161,stable,-1.000000000000000,6.066165755448310,-5.551594354212284,2.720413674493102,-2.279848588194000
162,stable,-1.000000000000000,6.385676089441404,-5.372816354501992,2.585880594400805,-2.264599333517253
163,stable,-1.000000000000000,6.396711373061407,-5.320571376912994,2.798037539403595,-2.251408055104548
164,stable,-1.000000000000000,5.913984708546195,-6.595792794105364,2.648988985565666,-1.883016183681320
165,stable,-1.000000000000000,5.988363216209109,-5.356561356922612,2.921882762719179,-2.125914723656024
166,stable,-1.000000000000000,5.560124846895633,-4.272814230760559,2.664341940093436,-1.858668594708433
167,stable,-1.000000000000000,6.744692989275791,-5.419530792627484,2.395540054480080,-1.961703242181102
168,stable,-1.000000000000000,6.472714818839449,-4.696585581543332,2.545347502402365,-2.206576312339166
169,stable,-1.000000000000000,6.591785637894645,-5.878224440617487,2.395823180631851,-2.237608077004552
170,stable,-1.000000000000000,5.915110611094860,-5.837912111222977,2.663933185649512,-2.126872303138953
171,stable,-1.000000000000000,5.782601731298200,-5.148112390888855,2.682474790133710,-2.235649038513657
172,stable,-1.000000000000000,6.685379968490452,-5.880928470643994,2.487734129121236,-2.272406320727896
173,stable,-1.000000000000000,6.661810871679336,-5.369670095620677,2.445137832537512,-2.112505718512693
174,stable,-1.000000000000000,6.086669527634513,-5.430297503015026,2.836994451485225,-2.488242664243444
175,stable,-1.000000000000000,7.214477304834872,-5.213675564591540,2.521261744614094,-2.316454606305342
176,stable,-1.000000000000000,6.220334308571182,-4.890619099904143,2.610812909741071,-2.240953905915376
177,stable,-1.000000000000000,6.681106078438461,-5.398543309856905,2.527214193018153,-2.062661705494975
178,stable,-1.000000000000000,5.855195813543105,-5.017486180433480,2.463596136920387,-2.607681784837041
179,stable,-1.000000000000000,7.013720839255257,-4.820678668998880,2.829092950145423,-2.254949986643624
180,stable,-1.000000000000000,6.050815652240999,-5.620766211533919,2.481988861109130,-2.443280910782050
181,stable,-1.000000000000000,7.012001855531707,-4.579997923690826,2.580154838884482,-2.272690588200931
182,stable,-1.000000000000000,6.690684068249539,-5.374086071969941,2.945476871338542,-2.270300465635955
183,stable,-1.000000000000000,5.885016445790825,-4.534887397734565,2.749331287508539,-1.941355015835143
184,stable,-1.000000000000000,5.901918092160486,-6.200477968421183,2.721286884800065,-1.937746036244789
185,stable,-1.000000000000000,5.816057524061762,-4.821785166364862,2.668034814609200,-1.880886208440643
186,stable,-1.000000000000000,6.611386346223298,-4.380970518031972,2.592881084005057,-2.222181229837588
187,stable,-1.000000000000000,6.182090526002867,-5.532631044276059,2.623689279387690,-2.020208822505083
188,stable,-1.000000000000000,8.016917749308050,-4.523344051056483,2.634595427458407,-1.864537049310456
189,stable,-1.000000000000000,7.254411891219206,-4.679619737202302,2.505201877638683,-2.040167031518649
190,stable,-1.000000000000000,5.808773166616447,-5.604631484806305,2.860416453848302,-2.383850742946379
191,stable,-1.000000000000000,6.174767978111049,-4.870005981298164,2.439398824521049,-1.975866161927115
192,stable,-1.000000000000000,6.285371753350773,-5.104302965570241,2.680682809004793,-2.146975728741381
193,stable,-1.000000000000000,6.330802897282410,-5.237635681463871,2.667796501200428,-2.613594885973725
194,stable,-1.000000000000000,7.070989412604831,-5.883125742897391,2.787836933886865,-2.358445252582897
195,stable,-1.000000000000000,6.825037043192424,-4.868370947428048,2.417676343879066,-2.221368047932629
196,stable,-1.000000000000000,6.209886188502423,-4.565035253122915,2.693211229518056,-2.120037850516383
197,stable,-1.000000000000000,5.739710845458831,-5.098322447622195,2.486363609554246,-2.565106989408378
198,stable,-1.000000000000000,5.442957314255182,-5.104929543420440,2.671419484591752,-2.185197249142220
199,stable,-1.000000000000000,6.091466752113774,-5.518959509558044,2.992157893713738,-2.181065777534968
200,stable,-1.000000000000000,6.232796698692255,-5.528038345510140,2.554849355801707,-2.382473171397578
201,stable,-1.000000000000000,6.048128785681911,-4.977608630280884,2.625388734792068,-1.994412558691693
202,stable,-1.000000000000000,7.062741413479671,-5.374490383779630,2.575427497868077,-1.908433415170293
203,stable,-1.000000000000000,5.753038232855033,-4.816353229325614,2.735863430010795,-2.155435968830716
204,stable,-1.000000000000000,5.903612678754143,-5.386070612352341,2.706883055230719,-1.971740655921167
205,stable,-1.000000000000000,6.517542217858136,-5.681192587217083,2.502629015201819,-2.176689271378564
206,stable,-1.000000000000000,6.252446997408697,-4.771675114025129,2.464946736785350,-1.846285085455747
207,stable,-1.000000000000000,6.427984670735896,-4.229208891978487,2.586434736382216,-2.247415823570918
208,stable,-1.000000000000000,6.104403425400960,-5.102010772563517,2.559510065853829,-2.247592219675425
209,stable,-1.000000000000000,6.618202269484755,-5.239795976318419,2.648284002840228,-2.161090410125325
210,stable,-1.000000000000000,5.935045829042792,-4.903576709330082,2.663956068528933,-2.089400083583314
211,stable,-1.000000000000000,6.688054153695703,-5.980281245894730,2.675359577486233,-2.449138272088021
212,stable,-1.000000000000000,5.852704959710536,-5.487353308591992,2.711187186701864,-2.421518405608367
213,stable,-1.000000000000000,6.292621930362657,-5.229257810919080,2.591336333513027,-2.505042427044827
214,stable,-1.000000000000000,6.779489065520465,-5.804698926833225,2.690111995725601,-2.396042760752607
215,stable,-1.000000000000000,5.914001201395877,-6.712017285870388,3.103141384097398,-2.364194772846531
216,stable,-1.000000000000000,6.514041276997887,-5.457792808767408,2.529568494186606,-2.204122384951916
217,stable,-1.000000000000000,6.382594658876769,-5.540962186205434,2.610606549103977,-2.274765972630121
218,stable,-1.000000000000000,6.803784940973856,-5.283278891554801,2.687478614032443,-1.886782617861172
219,stable,-1.000000000000000,6.915065876612061,-5.947314654942602,2.703248007470393,-2.148314719845075
220,stable,-1.000000000000000,5.780259184539318,-5.952362592142890,2.711640673820511,-2.074813325772993
221,stable,-1.000000000000000,6.213223541621119,-4.698582060344052,2.639991742842540,-2.144103383587208
222,stable,-1.000000000000000,6.539072813349776,-4.469015735921857,2.506623676919844,-2.685264409694355
223,stable,-1.000000000000000,6.006071776821045,-5.041025176178664,2.374207907661912,-2.131798981863540
224,stable,-1.000000000000000,5.870108276954852,-5.166588739491999,2.630740206810515,-2.289719101856463
225,stable,-1.000000000000000,6.047562561463565,-5.894871802767739,2.754873017365753,-2.186547806064482
226,stable,-1.000000000000000,6.565920785535127,-5.474527543992735,2.422676928346846,-2.217247672320809
227,stable,-1.000000000000000,6.343643037835136,-4.741207570201368,2.672161795519060,-2.279224039462861
228,stable,-1.000000000000000,5.767045476823114,-4.760880860907491,2.569822861754801,-2.005501878215000
229,stable,-1.000000000000000,6.644895367498975,-4.703419818746625,2.736143981877831,-2.362121490936261
230,stable,-1.000000000000000,5.865762131288648,-4.760805741185322,2.540863577005439,-2.337765950418543
231,stable,-1.000000000000000,5.851185753854224,-5.471629635052523,2.728116987673275,-2.013163338982849
232,stable,-1.000000000000000,6.685721287853085,-5.164491687020927,2.600076374597847,-2.074826759519055
233,stable,-1.000000000000000,6.014856819121633,-5.895118445594562,2.641856340778759,-2.078813233179972
234,stable,-1.000000000000000,7.741006737458520,-4.801185335541959,2.476191631430993,-2.089588703849586
235,stable,-1.000000000000000,6.163090073270723,-5.632047092978610,2.664391644910211,-2.181755212717690
236,stable,-1.000000000000000,5.841907728085062,-4.892598706064746,2.726260692135838,-2.099739175988361
237,stable,-1.000000000000000,6.247344913834240,-4.765440766204847,2.627463406184688,-2.253747493406991
238,stable,-1.000000000000000,7.698644421063364,-4.702027988329064,2.621000859333435,-2.227800259075593
239,stable,-1.000000000000000,6.081214666148298,-5.532051230053185,2.818151296341966,-2.191920766024850
240,stable,-1.000000000000000,6.123751031685970,-5.344221448292956,2.573981586057926,-2.104907127359184
241,stable,-1.000000000000000,6.204639009374660,-4.590223546605557,2.606172632942616,-2.255000473291148
242,stable,-1.000000000000000,6.824093746690778,-4.804585581179708,2.523405312516843,-1.993154033960309
243,stable,-1.000000000000000,5.961193731345702,-6.172565917338943,2.638900177553296,-2.180368572007865
244,stable,-1.000000000000000,5.909529873577412,-4.393170398805523,2.470203691453207,-2.094583008205518
245,stable,-1.000000000000000,7.338839110772824,-5.023116872820538,2.697369331261143,-2.125552167170099
246,stable,-1.000000000000000,6.964041129569523,-6.525931582320482,2.518145520058169,-2.450044266559416
247,stable,-1.000000000000000,7.604066926403902,-5.065945660695434,2.586396738770418,-2.713049077428877
248,stable,-1.000000000000000,6.886478423490189,-5.311582292706589,2.480627381941304,-2.466678821307141
249,stable,-1.000000000000000,6.495700372848660,-5.237142181460513,2.803988968538761,-1.944097274972592
250,stable,-1.000000000000000,5.903449386918510,-4.818892541312380,2.480955718920086,-2.013605666521471
251,stable,-1.000000000000000,5.834045596369833,-5.178279647021554,2.560457592859166,-2.135554328473518
252,stable,-1.000000000000000,6.319765603635460,-5.731883759377524,2.563596328502172,-2.376403118774761
253,stable,-1.000000000000000,6.443252502009273,-4.369111721171066,2.801739369664574,-2.136582357721636
254,stable,-1.000000000000000,5.631226427969523,-4.538408959924709,2.550297899942962,-2.352764090697747
255,stable,-1.000000000000000,7.456394471344538,-4.722576863539871,2.747636315412819,-2.234900600567926
256,stable,-1.000000000000000,6.428929508198053,-6.293602005694993,2.677937752639991,-2.262453526782338
257,stable,-1.000000000000000,6.694863463169895,-6.116737619042397,2.541168107030899,-2.234167899820022
258,stable,-1.000000000000000,6.138800971093588,-5.277381284278817,2.788413042799220,-2.254014845733764
259,stable,-1.000000000000000,5.820914597527008,-5.932655099983094,2.852854342367209,-2.187037320836680
260,stable,-1.000000000000000,5.798044285234937,-4.617871853522956,2.467491589171914,-2.144546278432244
261,stable,-1.000000000000000,5.973184185531863,-5.296953786833910,2.521532252947509,-2.255787071480881
262,stable,-1.000000000000000,6.325938683825370,-6.209420894156210,2.603922091009736,-2.430257176485611
263,stable,-1.000000000000000,6.017954951064894,-5.107769392896444,2.742370478779776,-2.285943896800745
264,stable,-1.000000000000000,6.337828407034976,-4.905949570209486,2.927675084494695,-2.367385292134713
265,stable,-1.000000000000000,6.370518031064421,-5.782860807725228,2.494269634486045,-2.260483466612641
266,stable,-1.000000000000000,6.535202085819037,-5.846270980680856,2.544554243475432,-2.093447703635320
267,stable,-1.000000000000000,5.870655539911240,-4.703464161393640,2.350557558413129,-2.110299987238250
268,stable,-1.000000000000000,5.998098376963753,-5.238993606297299,2.596962919065845,-2.078738756303210
269,stable,-1.000000000000000,7.326484688441269,-4.704787653317908,2.683740523367305,-2.391152595169842
270,stable,-1.000000000000000,6.322776409993821,-4.711073177983053,2.477797421393916,-2.176592528005131
271,stable,-1.000000000000000,5.923804127873154,-5.016710266907467,2.489397048673709,-2.443566907953937
272,stable,-1.000000000000000,5.871613889386936,-4.657655453454936,2.557372205439606,-2.168286547937896
273,stable,-1.000000000000000,7.283725668603438,-4.462133351174998,2.643555387679953,-2.497715946461540
274,stable,-1.000000000000000,5.811587305877765,-4.409507898613811,2.736331686195626,-2.140240795852151
275,stable,-1.000000000000000,6.159119645133615,-5.414751917553076,2.573948730765551,-2.058753584627993
276,stable,-1.000000000000000,6.115923224773724,-5.967795681208372,2.533500029850984,-2.065117185236886
277,stable,-1.000000000000000,5.904101461193932,-4.920837656129152,2.654351068500546,-2.337403437762987
278,stable,-1.000000000000000,7.238782129366882,-4.688214687397704,2.718228451703908,-2.506036706094164
279,stable,-1.000000000000000,6.083824004383132,-5.111399521323619,2.511440811213106,-2.319999720610213
280,stable,-1.000000000000000,5.553732998989290,-5.098990746890195,2.823579309886554,-2.085840218005615
281,stable,-1.000000000000000,6.000394992453948,-5.098945063276915,2.589249807255328,-1.894472414336633
282,stable,-1.000000000000000,6.336355711915530,-5.710058551980183,2.700927100224362,-2.152420807047747
283,stable,-1.000000000000000,5.923634674312780,-4.716530649093329,2.406573429925629,-2.435246037959587
284,stable,-1.000000000000000,5.838454712618841,-4.777723091930966,2.874360466543294,-2.042299900116632
285,stable,-1.000000000000000,6.428118871990591,-5.256709013570799,2.358789913540022,-1.974233764980454
286,stable,-1.000000000000000,6.446573143242858,-5.608012927172240,2.488818824092959,-1.928271274256986
287,stable,-1.000000000000000,6.825420058565214,-6.154585955169750,2.479693059940473,-2.267182641837280
288,stable,-1.000000000000000,5.735018834122457,-5.180579485604540,2.586596916247800,-2.081904636783293
289,stable,-1.000000000000000,6.047517101651465,-5.128863909747452,2.783389589638318,-2.149420324894891
290,stable,-1.000000000000000,6.036905674729496,-5.776027042535134,2.656042739516124,-2.272789530630689
291,stable,-1.000000000000000,6.413270256016403,-5.755608499486698,2.588090198702048,-2.548174834460951
292,stable,-1.000000000000000,6.021984227350913,-5.532672837813152,2.541701609203301,-2.519500398484524
293,stable,-1.000000000000000,5.817495989744202,-5.703144472907297,2.838542986013636,-2.253858333977405
294,stable,-1.000000000000000,6.711985335452482,-5.624392678233562,2.597994942596415,-2.136585753643885
295,stable,-1.000000000000000,5.784394844718918,-4.810938671289477,2.547600194142433,-2.052587377009331
296,stable,-1.000000000000000,5.713135009456892,-4.965034920925973,2.823997371573569,-2.145308775128797
297,stable,-1.000000000000000,5.905568064190447,-5.183083158452064,2.865432482567485,-2.005853822280187
298,stable,-1.000000000000000,6.648621199536137,-5.742260797880590,3.121743253715977,-2.528934948859387
299,stable,-1.000000000000000,5.933236724231392,-5.209521894197678,2.553119289077586,-2.249006806523539
300,stable,-1.000000000000000,5.935484465553600,-4.854131118816440,2.510576687956927,-2.003764994879020
301,stable,-1.000000000000000,6.077321457065409,-5.290091886534356,2.634674781307695,-2.215614928805735
302,stable,-1.000000000000000,6.141644585113681,-5.758209993102355,2.746736090053673,-2.060996751853963
303,stable,-1.000000000000000,6.892466132179834,-5.317101216933224,2.626167958187580,-2.353602298535407
304,stable,-1.000000000000000,6.243182808044367,-5.921751041401876,2.598419192625443,-2.103267397673335
305,stable,-1.000000000000000,6.221719642217067,-6.687610225286335,2.694781691941898,-1.962175058841240
306,stable,-1.000000000000000,5.903567543362442,-4.848101831928943,2.998929511881215,-2.254646000219509
307,stable,-1.000000000000000,7.185904881334864,-5.457491081499029,2.538019240106223,-2.117188101692591
308,stable,-1.000000000000000,5.854365589089866,-6.180702873039991,2.542850218558669,-2.235469668870792
309,stable,-1.000000000000000,6.842161527252756,-5.409113052388420,2.495760196383344,-2.295477669307729
310,stable,-1.000000000000000,6.091058659803821,-6.067846486781491,2.494344964652555,-2.463203019229695
311,stable,-1.000000000000000,7.066624999366468,-5.500243717426201,2.615398961177561,-2.230570717074443
312,stable,-1.000000000000000,6.250659279001411,-4.802553142675606,2.887820666648622,-2.590751805255422
313,stable,-1.000000000000000,6.182112412410788,-5.001785434316844,2.571223723956791,-2.016989519761410
314,stable,-1.000000000000000,5.924900179728866,-5.345414425682975,2.582340498804115,-2.415004878479522
315,stable,-1.000000000000000,6.800962803332368,-6.223509212781209,2.710440617976928,-2.246787785959896
316,stable,-1.000000000000000,5.817886599623307,-5.245419809914893,2.454268560633864,-2.362629934184952
317,stable,-1.000000000000000,6.136491854587803,-5.252403063204838,2.431274362192198,-2.261355127848219
318,stable,-1.000000000000000,7.617181918001734,-5.420410428545438,2.412458235316080,-2.305207306664670
319,stable,-1.000000000000000,5.840142592263874,-5.071067192591727,2.409494710998842,-2.249292624008376
320,stable,-1.000000000000000,7.037287007085979,-4.639237863681046,2.326816917513497,-2.169587839569431
321,stable,-1.000000000000000,5.781617948981875,-4.757376974506769,2.561401827901136,-2.015764771116665
322,stable,-1.000000000000000,6.096374920634844,-4.417741615849081,2.539060562412487,-2.392939978657523
323,stable,-1.000000000000000,6.979657322634012,-4.853935193823418,2.807012080520508,-1.968653752337559
324,stable,-1.000000000000000,6.440550842322409,-5.936999635305256,2.617270914539404,-1.905859531747410
325,stable,-1.000000000000000,6.331734544481151,-4.434971861795930,2.773935392084240,-2.363523320615059
326,stable,-1.000000000000000,5.900652148549852,-4.838467924462748,2.589254059668747,-2.341241074609570
327,stable,-1.000000000000000,6.167611452314304,-5.853147173300385,2.605036589113297,-2.014443277250393
328,stable,-1.000000000000000,5.861547603271902,-5.277116130542709,2.706453166952997,-2.045947937396704
329,stable,-1.000000000000000,6.198795730131678,-5.269742821459658,2.533153016227516,-1.913262426562142
330,stable,-1.000000000000000,5.938783246034291,-5.528425379656255,2.666470171243418,-2.035001674492378
331,stable,-1.000000000000000,6.397926867699425,-5.239107236790005,2.582351476703479,-2.364380154933315
332,stable,-1.000000000000000,6.454740297514945,-4.924589919362916,2.871316748860409,-1.813404640328372
333,stable,-1.000000000000000,5.983338691527024,-5.660469629132422,2.642888454400236,-2.065430589951575
334,stable,-1.000000000000000,6.860368440276943,-5.280560676872483,3.021884902431339,-2.192717215686571
335,stable,-1.000000000000000,6.213732899865136,-5.460225822665961,2.774428088734567,-1.950620202100254
336,stable,-1.000000000000000,6.942460421647411,-4.814191561599728,2.449573263997081,-1.979959286982194
337,stable,-1.000000000000000,5.981306626519654,-4.616187706698838,2.528456479223678,-2.514756276214030
338,stable,-1.000000000000000,7.341931476141326,-4.996591124217957,2.364326175316819,-2.019556150684366
339,stable,-1.000000000000000,5.955471525572648,-5.518344461423112,2.573831300629536,-1.926161888346542
340,stable,-1.000000000000000,6.512686220812611,-5.267148915329017,2.583392002297842,-2.036953300645109
341,stable,-1.000000000000000,5.849041816487443,-4.645900731877191,2.583029173227260,-2.615899597818498
342,stable,-1.000000000000000,6.080587084114086,-4.980740370345302,2.610431680921465,-2.197303050139453
343,stable,-1.000000000000000,7.276652437285520,-4.622209439985454,2.743853375934123,-1.841280655818991
344,stable,-1.000000000000000,6.163927995723498,-5.611088148318231,2.643799495264830,-2.534077608026564
345,stable,-1.000000000000000,6.178738095331937,-6.194125590816839,2.507991237893293,-2.157464415475260
346,stable,-1.000000000000000,5.834335848427145,-5.373158481059363,2.628795608201472,-2.444360892695840
347,stable,-1.000000000000000,6.506259794929065,-5.357176398392767,2.427439961989876,-2.039792714989744
348,stable,-1.000000000000000,5.967491160496138,-5.140582067397190,2.525247037956433,-2.029683472734177
349,stable,-1.000000000000000,6.235941995284520,-5.238958802772686,2.702100816071834,-2.187457306223223
350,stable,-1.000000000000000,6.984245121944696,-5.049210863187909,2.898103260784410,-2.181250239067595
351,stable,-1.000000000000000,6.209485992403643,-4.487524706339173,2.875039316713810,-2.091125564125832
352,stable,-1.000000000000000,7.395905392942950,-6.610230232559843,2.673809124695254,-2.792990783433197
353,stable,-1.000000000000000,6.877465905039571,-5.444309057609644,2.691572285495567,-2.182628707596450
354,stable,-1.000000000000000,5.904157726647099,-4.989416499127401,2.623069360204681,-2.202583320089616
355,stable,-1.000000000000000,6.066707217752992,-4.918585109146079,2.503035623194592,-2.239350386065780
356,stable,-1.000000000000000,5.632749163021799,-4.617797351165791,2.523010039498331,-2.091787965298863
357,stable,-1.000000000000000,6.573213997762650,-4.339563401867053,2.503324936522404,-2.100588189030532
358,stable,-1.000000000000000,6.554673569451552,-5.517885112407384,2.656646404851926,-2.240008017455693
359,stable,-1.000000000000000,6.953276799060404,-5.619997975154547,2.597706445638323,-2.468704225786496
360,stable,-1.000000000000000,6.596711024758406,-5.964329023350729,2.580290248064557,-1.908471524424385
361,stable,-1.000000000000000,5.896766283549368,-6.296752760885283,2.420984643309566,-2.213177048310172
362,stable,-1.000000000000000,5.892152581465780,-5.186865428928286,2.931025757970929,-2.659853832912631
363,stable,-1.000000000000000,6.709952645556768,-5.518654138781130,3.066483831513324,-2.406016840541270
364,stable,-1.000000000000000,6.202940497634700,-5.338367905002087,2.562895583592763,-2.313340044158394
365,stable,-1.000000000000000,5.675779536250047,-5.404158487741370,2.632270717578649,-2.250822153699119
366,stable,-1.000000000000000,5.827335310837952,-4.714214668179920,2.714845263404641,-2.327131441736128
367,stable,-1.000000000000000,6.498974977293983,-4.635893092490733,2.442514606489567,-2.159149444836657
368,stable,-1.000000000000000,6.096522512016236,-5.553764586802572,2.753779379447224,-2.028567537374329
369,stable,-1.000000000000000,6.896606205846183,-5.351677237078547,2.765123662480619,-2.226868394936901
370,stable,-1.000000000000000,6.502918591024354,-5.770758605533047,2.820802933256346,-2.409627023153007
371,stable,-1.000000000000000,6.102393752429634,-4.631513626751257,2.458219615095004,-2.335430919134524
372,stable,-1.000000000000000,5.971283770137234,-5.466355569282314,2.883764512211201,-2.247517970565241
373,stable,-1.000000000000000,6.395998700405471,-5.625663185492158,2.616804936194967,-1.877134357491741
374,stable,-1.000000000000000,5.925663302536123,-6.110662566963583,2.535238945929450,-2.083862456172938
375,stable,-1.000000000000000,6.929184592212550,-4.967473229393363,2.860754045905196,-2.200110803256393
376,stable,-1.000000000000000,6.027858497458510,-5.495056149433367,2.590349114107084,-1.899028736632317
377,stable,-1.000000000000000,6.684848280972801,-5.422947818846296,2.509377930153278,-2.088293051812798
378,stable,-1.000000000000000,6.095330775482580,-5.107835081638768,2.566821535423514,-1.902435476775281
379,stable,-1.000000000000000,6.068766268319450,-5.680739429284586,2.535715712016099,-2.266679592605215
380,stable,-1.000000000000000,5.956084788042062,-4.862928601214662,2.711582339490633,-1.892522945912788
381,stable,-1.000000000000000,6.686267336830497,-5.058727766154334,2.465432245684497,-2.687720482645091
382,stable,-1.000000000000000,7.137735069729388,-5.779681793850614,2.728107901231851,-2.179620095237624
383,stable,-1.000000000000000,5.977487132302485,-4.721690779668279,2.729343651531963,-2.242696959117893
384,stable,-1.000000000000000,6.010408408903459,-4.763338762080821,2.649687132383406,-2.379249402438290
385,stable,-1.000000000000000,6.062381005895077,-5.713892230269266,2.939396743924590,-2.152617477346212
386,stable,-1.000000000000000,5.898276773885300,-5.300573891028762,2.553944880564814,-2.223071674583480
387,stable,-1.000000000000000,6.081856530807272,-5.205938323371811,2.589334138021513,-2.168999453249853
388,stable,-1.000000000000000,6.504566016024910,-5.401173372956691,2.882471990800695,-2.061610073491465
389,stable,-1.000000000000000,5.812712891747651,-5.222826984798303,2.672586633358151,-2.530306482745800
390,stable,-1.000000000000000,5.917597894091159,-6.922272110357881,2.666936553509913,-2.098404948294046
391,stable,-1.000000000000000,6.138185212519602,-5.404008113284362,2.684817615896463,-1.979667882347712
392,stable,-1.000000000000000,6.159505238640122,-5.201416396273999,2.568776142856223,-2.607612986990716
393,stable,-1.000000000000000,6.046267973280919,-6.037971624638885,2.513305974389368,-2.427913316118065
394,stable,-1.000000000000000,6.763534127501771,-4.795714889667579,2.417214772620355,-2.037523021979723
395,stable,-1.000000000000000,5.751895303896163,-5.161320632789284,2.669501121883513,-2.096698671550257
396,stable,-1.000000000000000,6.133863106340868,-4.532171686150832,2.649383771704379,-2.134954236971680
397,stable,-1.000000000000000,6.748137997463346,-5.413948784553213,2.537129441116122,-2.276228293310851
398,stable,-1.000000000000000,6.157721105497330,-4.880254051880911,2.577365859462589,-2.124196967022726
399,stable,-1.000000000000000,6.048415257799206,-5.283286029007286,2.688880451540172,-2.096783596614841
400,stable,-1.000000000000000,6.057938313868362,-4.896468736231327,2.668808516527861,-2.339693165093195
401,stable,-1.000000000000000,5.985110935638659,-5.083074491849402,2.474075975413143,-2.078138235869119
402,stable,-1.000000000000000,5.696017271548044,-6.190536066889763,3.124201603750407,-1.894708876890945
403,stable,-1.000000000000000,7.047751232632436,-5.587879088241607,2.602047332218717,-2.300753087853082
404,stable,-1.000000000000000,5.925419486920873,-4.776849037269130,2.636326431114867,-2.277792666747700
405,stable,-1.000000000000000,7.228006813558750,-4.678367062202597,2.647630160980043,-2.088506677420810
406,stable,-1.000000000000000,6.435588792315684,-5.065401844563894,2.806431710661855,-1.841274276128388
407,stable,-1.000000000000000,5.639088673982769,-4.728823235338496,2.453918720420916,-2.428902779414784
408,stable,-1.000000000000000,5.769138023315463,-5.250944907282246,2.600763586517132,-2.385166075720917
409,stable,-1.000000000000000,6.453677990590222,-5.633070810465142,2.583991447585504,-2.026442300702911
410,stable,-1.000000000000000,6.073549219785491,-5.244220113963820,2.856386287603527,-1.838720482453937
411,stable,-1.000000000000000,5.984588732128032,-5.495256082824199,2.707424568783608,-2.347360451647546
412,stable,-1.000000000000000,6.129714825598057,-5.156062853973708,2.492373673390830,-2.103304549702443
413,stable,-1.000000000000000,6.882574598770589,-5.629596157086780,2.504485947516514,-2.221311394299846
414,stable,-1.000000000000000,5.580386243673274,-5.745967271504924,2.689342745958129,-2.272192477888893
415,stable,-1.000000000000000,8.030723728355952,-5.307219681300921,2.948185796994949,-2.080933017714415
416,stable,-1.000000000000000,6.337399477954023,-4.544074847261072,2.566754003870301,-2.445617536082864
417,stable,-1.000000000000000,6.038506325887283,-6.156409138780873,2.681145958747948,-2.041965403303038
418,stable,-1.000000000000000,6.104303703818005,-4.557831299098325,2.721107483725064,-2.345358980121091
419,stable,-1.000000000000000,6.141190456837649,-4.691969456889638,2.538739772193367,-2.044995589909377
420,stable,-1.000000000000000,6.021890803087445,-5.100548797287047,3.182358626916539,-2.324931875511538
421,stable,-1.000000000000000,6.553069415851496,-6.025913337216480,2.465922725903511,-2.131907262955792
422,stable,-1.000000000000000,5.903014952316880,-5.046420602302533,2.560013055641321,-1.946296163238003
423,stable,-1.000000000000000,6.265800927183591,-5.028959869872779,2.873429418468731,-2.092486507564900
424,stable,-1.000000000000000,6.494274825090542,-4.618373142191558,2.476695320736326,-2.005480719904881
425,stable,-1.000000000000000,6.327173822268378,-5.695685288723325,2.484560670185601,-2.125636006181594
426,stable,-1.000000000000000,6.098826861125417,-6.281530994921923,2.562169822376745,-2.053889363713097
427,stable,-1.000000000000000,6.968088349029131,-4.614473021589220,2.741452243644744,-2.347444443250424
428,stable,-1.000000000000000,5.836347195087001,-4.623606986679079,2.473127584024041,-2.014229210544727
429,stable,-1.000000000000000,6.812797497026622,-5.655904019251466,2.729414682566130,-2.137139595753979
430,stable,-1.000000000000000,6.655802509631030,-4.886825157300336,2.517848957031674,-2.223835625743959
431,stable,-1.000000000000000,6.215028813778190,-5.168958519119769,2.417382810497656,-2.237435136601562
432,stable,-1.000000000000000,7.258846260025166,-6.317050420882879,2.476592874751077,-2.479505869909190
433,stable,-1.000000000000000,5.964404795340670,-5.025602413312299,2.574024587032909,-2.123528445372358
434,stable,-1.000000000000000,6.369659614632837,-4.628280989127234,2.590552979570930,-2.149515433149645
435,stable,-1.000000000000000,5.777213305460464,-5.031117295846343,2.892921414464581,-2.173676291480660
436,stable,-1.000000000000000,5.784004390698101,-5.206087341037346,2.515930190245854,-2.104176667693537
437,stable,-1.000000000000000,5.854338498756988,-4.483228571087238,2.527383860462578,-2.204811268791673
438,stable,-1.000000000000000,6.752970506437123,-5.563054900616407,2.625136173219289,-2.396157511684578
439,stable,-1.000000000000000,6.019517275562976,-4.957186673796969,2.536907775609507,-2.251718730200082
440,stable,-1.000000000000000,6.537429586751387,-4.652785656297056,2.828312974917935,-2.174004932574462
441,stable,-1.000000000000000,5.894510171456204,-4.962176222266862,2.572577136248583,-2.187819622165989
442,stable,-1.000000000000000,7.621140424744226,-5.122164728927601,2.516476101271110,-2.159114707435947
443,stable,-1.000000000000000,6.101448904868448,-4.650793479289860,2.580851878394242,-2.183831989939790
444,stable,-1.000000000000000,6.048327713280742,-4.614169453969225,2.516427576541901,-1.803775186235725
445,stable,-1.000000000000000,6.236152279037924,-5.364561297436012,2.608484283235157,-2.033865436416818
446,stable,-1.000000000000000,6.230908051016741,-4.896119672775967,2.402353517616575,-1.991587870725198
447,stable,-1.000000000000000,6.115604052203707,-5.258133139461279,2.559608092560666,-2.214915425342042
448,stable,-1.000000000000000,6.056545895728050,-4.800846556434408,2.586124580149772,-2.288573072903091
449,stable,-1.000000000000000,7.083002862404101,-5.229832551704021,2.696573507731955,-2.150073592725676
450,stable,-1.000000000000000,6.176495592771971,-5.921368062699912,2.705023432761664,-1.940418678510468
451,stable,-1.000000000000000,6.186159862612840,-4.616542284784373,2.655669636631501,-2.174749361060094
452,stable,-1.000000000000000,5.867370135674719,-5.594440943765221,2.613458117732080,-2.088887777354103
453,stable,-1.000000000000000,5.908332706130750,-5.135718821067712,2.622208626155043,-2.216894049954135
454,stable,-1.000000000000000,5.937139804096660,-4.782133530439751,2.414626490746741,-2.257121165224817
455,stable,-1.000000000000000,6.392623704530706,-4.839796302345349,2.602725883087260,-2.545779993932229
456,stable,-1.000000000000000,6.209411410876783,-5.556539818149759,2.829148008904667,-2.112937324185623
457,stable,-1.000000000000000,7.661447729798965,-5.920242238091305,2.626311754487688,-1.954201102053048
458,stable,-1.000000000000000,6.547921012504958,-5.434850262943655,2.853193313138036,-2.181451716372976
459,stable,-1.000000000000000,5.858573378201982,-5.966927265253616,2.454767529648961,-2.116729116052738
460,stable,-1.000000000000000,7.172460938687436,-4.878613345324993,2.532560681080213,-2.191320750294835
461,stable,-1.000000000000000,6.026631289067154,-5.075228577479720,2.663454968162114,-2.425891694612801
462,stable,-1.000000000000000,6.217798737343401,-6.574996594688855,2.736179816216463,-2.164168773801066
463,stable,-1.000000000000000,5.962109640204289,-5.624885087367147,2.635795960813994,-2.518209569389001
464,stable,-1.000000000000000,5.915832535712980,-5.018577297421871,2.914631492487388,-2.348504626366775
465,stable,-1.000000000000000,6.004228486213833,-5.016316961031407,2.849023641902022,-2.147542720369529
466,stable,-1.000000000000000,6.472472140681930,-4.665727367086220,2.567313495790586,-2.292127903521759
467,stable,-1.000000000000000,5.630645672674291,-5.249438075348735,2.715950959944166,-2.242471376899630
468,stable,-1.000000000000000,5.747876966226613,-5.999832432251424,2.542988139844965,-2.173192299145740
469,stable,-1.000000000000000,6.146301683736965,-4.852477660169825,2.602337071803049,-2.260364195506554
470,stable,-1.000000000000000,6.161267296061851,-5.226683090906590,2.578032098157564,-2.123596855846699
471,stable,-1.000000000000000,5.844801850231306,-5.564893221933744,2.447801689922926,-1.926207692580647
472,stable,-1.000000000000000,6.056686946860282,-5.773839464876801,2.562199073836382,-2.171963888045866
473,stable,-1.000000000000000,5.560584808525164,-5.816495381528512,2.412855462869629,-2.162473387361388
474,stable,-1.000000000000000,5.980712052958552,-5.476652494136943,2.495269484403252,-2.072787537937984
475,stable,-1.000000000000000,5.887097696213459,-4.991734844690654,2.554563456615142,-2.418830798065756
476,stable,-1.000000000000000,6.056646583601832,-4.814391647465527,2.938115464108705,-2.075353723019361
477,stable,-1.000000000000000,5.776532140152995,-5.509392588370247,2.635358164625359,-2.071713721030392
478,stable,-1.000000000000000,5.916293254122138,-5.103489548055222,2.793722701098886,-2.107208255416481
479,stable,-1.000000000000000,6.275688964524306,-4.979564889799803,2.511655980051728,-2.062690941791516
480,stable,-1.000000000000000,5.841634214011719,-4.561889068776509,2.769471040628559,-2.531379520893097
481,stable,-1.000000000000000,6.760241325246170,-4.534248727039085,2.954427094620769,-2.082194907037774
482,stable,-1.000000000000000,6.526783953071572,-6.190028152181185,2.584789446045761,-2.282314268581104
483,stable,-1.000000000000000,6.246096305898391,-5.086661486886442,2.539970417987206,-2.230188096116763
484,stable,-1.000000000000000,6.424260740634054,-5.245230432105018,2.681157866056310,-2.208403340453515
485,stable,-1.000000000000000,6.892377006472088,-5.321901385730598,2.468640529725235,-2.254164885205682
486,stable,-1.000000000000000,5.759105693432502,-5.787963021401083,2.521580931206699,-2.066675403446425
487,stable,-1.000000000000000,6.669920084532350,-4.852030199806904,2.558052012818735,-1.914308021951001
488,stable,-1.000000000000000,5.879390428308398,-4.421703627156603,2.714463590897140,-2.126452185155358
489,stable,-1.000000000000000,6.798862702758925,-4.971696293447167,2.615641209762543,-2.053298130558687
490,stable,-1.000000000000000,6.921471050474793,-4.973389689257601,2.547054868729902,-2.169023817958077
491,stable,-1.000000000000000,6.375020464649424,-5.878599096991820,2.573105460993247,-2.525399160862435
492,stable,-1.000000000000000,5.799549112782188,-5.433547365479171,2.749415036814753,-2.538007485127309
493,stable,-1.000000000000000,6.265463683055714,-4.773172613000497,2.636839477476315,-2.060215801800950
494,stable,-1.000000000000000,5.560199904721230,-5.293770929769380,2.698685876282980,-2.175185554253403
495,stable,-1.000000000000000,6.484380048350431,-6.074404679791769,2.752008009294514,-1.898936897516251
496,stable,-1.000000000000000,5.967734204896260,-4.819140451843850,2.830503613062319,-2.086337729939260
497,stable,-1.000000000000000,6.268622463569045,-6.116497149952920,2.532225958682830,-2.022229741298361
498,stable,-1.000000000000000,6.290532121318392,-5.734335157350870,2.746587599234772,-2.230959043517942
499,stable,-1.000000000000000,6.104359775512421,-5.167057412509166,2.507505942150601,-2.056742306478554
500,stable,-1.000000000000000,6.594886066624895,-4.951974695082754,2.762966055903235,-2.519050272472668
501,stable,-1.000000000000000,5.481700993361301,-5.108514200052014,2.889375633327290,-2.341144723177422
502,stable,-1.000000000000000,6.109741170308553,-4.272225308654015,2.537922855035504,-2.052435710706050
503,stable,-1.000000000000000,5.734829138578789,-4.963640982373477,2.677057698572753,-2.277232486929279
504,stable,-1.000000000000000,6.368883351795375,-5.516321415954735,2.706038101581726,-1.974746377818519
505,stable,-1.000000000000000,6.765110684675165,-4.622448796813842,2.522105494128482,-2.075383107250673
506,stable,-1.000000000000000,5.760396533703897,-4.899721346329898,2.888834002966178,-2.360278732026927
507,stable,-1.000000000000000,6.070073459064588,-5.669363979541231,2.603825214629978,-2.038837354077259
508,stable,-1.000000000000000,5.832497543597128,-5.534084269165760,2.706487688081324,-2.126594668428879
509,stable,-1.000000000000000,7.030988113721833,-5.535997738130391,2.554489288246259,-2.011066492763348
510,stable,-1.000000000000000,6.376864438316261,-5.820942173246294,2.587234804246691,-1.976586013246560
511,stable,-1.000000000000000,5.986375985688937,-4.923366291295679,2.509662603915785,-1.923571737228485
512,stable,-1.000000000000000,6.065829027909786,-5.324920812243363,2.653986369172344,-2.387169085035566
513,stable,-1.000000000000000,6.210599676400307,-5.205606287810951,2.848900774173671,-2.256121615529992
514,stable,-1.000000000000000,6.326852759229951,-5.638452876824886,2.572454575987649,-1.906697530328529
515,stable,-1.000000000000000,6.213557101786137,-4.847097606718307,2.507496653641283,-2.160642062357510
516,stable,-1.000000000000000,6.094076765897626,-5.278962684096768,2.562985316739287,-2.108548882795731
517,stable,-1.000000000000000,6.018430504016578,-6.090672818914754,3.023032208157019,-2.340308590501081
518,stable,-1.000000000000000,5.802815001690760,-6.778758150991052,2.562285568521474,-2.893025839410257
519,stable,-1.000000000000000,6.692435366450809,-4.566385131998686,2.761197405547136,-2.289752020558808
520,stable,-1.000000000000000,6.163448486884590,-6.279753546812572,2.475698469052077,-2.275978093442973
521,stable,-1.000000000000000,6.081720590125769,-5.969914040637377,2.548121342580998,-2.197506731492467
522,stable,-1.000000000000000,6.343505827797344,-5.917367144953460,2.677287231257651,-2.179368421842810
523,stable,-1.000000000000000,6.873462354415096,-4.537610872532241,2.881129041459644,-2.159553142904770
524,stable,-1.000000000000000,6.453625610061863,-4.794229677019757,2.379214980799588,-2.551706807804294
525,stable,-1.000000000000000,6.316143198404461,-4.427401250315597,2.541239802310884,-2.106964818347478
526,stable,-1.000000000000000,6.411637613549829,-5.581732740916777,2.580223307741107,-2.150240019109333
527,stable,-1.000000000000000,7.821690960874548,-5.474448666442186,2.730852823791793,-2.167354455392342
528,stable,-1.000000000000000,5.813863649731502,-5.242096955887973,2.510115456650965,-1.952720079745632
529,stable,-1.000000000000000,6.468640772043727,-6.126403678383213,2.470171101696906,-1.947639348480152
530,stable,-1.000000000000000,6.995065739814891,-5.288441982585937,2.643587744385513,-2.277863776951563
531,stable,-1.000000000000000,7.627226535347290,-5.398112626033253,2.631804504948377,-2.028170697376481
532,stable,-1.000000000000000,6.796642238157801,-5.091537461586995,2.882653971930267,-1.913332754746079
533,stable,-1.000000000000000,6.093627919406572,-5.865085752186133,2.642750604025423,-2.586774970579427
534,stable,-1.000000000000000,6.312574785973993,-6.016704080975614,2.512863246098277,-2.415973020630190
535,stable,-1.000000000000000,6.899160830536857,-5.108707950450480,2.559142509780941,-2.172711571613036
536,stable,-1.000000000000000,6.639231052948162,-6.439630241453415,2.549756277498091,-2.329503673274303
537,stable,-1.000000000000000,6.031845604156842,-4.588771925307810,2.782301922008628,-2.092300800955854
538,stable,-1.000000000000000,5.885065018315800,-6.146679158788174,2.683191914838972,-1.995833594410215
539,stable,-1.000000000000000,6.083953629073221,-6.943593852513004,2.543342765915440,-2.429119875188917
540,stable,-1.000000000000000,6.130067669437267,-5.896009503601817,2.556802152568707,-2.638365488091949
541,stable,-1.000000000000000,5.793247908753983,-5.147299359057797,3.049407587786845,-1.920419593836414
542,stable,-1.000000000000000,7.095327858463861,-4.869674275862053,2.632327055958740,-2.138015161675867
543,stable,-1.000000000000000,6.604821989894845,-4.993500944459811,2.509602229960365,-2.316533847129904
544,stable,-1.000000000000000,5.890133206965402,-5.117322155052534,2.494263795058941,-1.937222652108176
545,stable,-1.000000000000000,6.222403850639239,-4.802619253212470,2.604993328248383,-1.951314899561112
546,stable,-1.000000000000000,5.652987690344162,-4.847062557440950,2.392066761924070,-2.460294124379288
547,stable,-1.000000000000000,6.006699234334519,-5.222514566092286,2.885818106849911,-2.068795905826846
548,stable,-1.000000000000000,6.414369152858853,-5.153471444034949,2.622632090013212,-2.123081300502236
549,stable,-1.000000000000000,6.383977636345662,-4.472650520838215,2.794573472594493,-2.165999215460033
550,stable,-1.000000000000000,6.713575709261931,-4.854250864125788,2.620623151822656,-2.147858847674797
551,stable,-1.000000000000000,6.107814562157728,-4.806790440779878,3.072944626750541,-2.597241563431453
552,stable,-1.000000000000000,6.143452389165759,-5.665976388147101,2.437983198635266,-2.407163113472052
553,stable,-1.000000000000000,6.680400254575943,-4.749447389243869,2.668190068186959,-2.360642466403078
554,stable,-1.000000000000000,6.066043176699168,-5.433493312390056,2.500117072011562,-2.048583404641249
555,stable,-1.000000000000000,6.056658669782337,-4.972008856682805,2.415189815073973,-2.300910583871882
556,stable,-1.000000000000000,5.819284137818613,-6.746407473343424,2.496743632696962,-2.039841337522375
557,stable,-1.000000000000000,5.953019884356763,-4.960750568963704,2.671956863072410,-2.005840300786076
558,stable,-1.000000000000000,7.129300971282646,-4.874538586009294,2.607965382339898,-2.117210554599296
559,stable,-1.000000000000000,6.047185232426273,-5.117174718296155,2.560779481129430,-2.195579631894361
560,stable,-1.000000000000000,5.971950604580343,-5.629750317282742,2.616259542788612,-2.387133832613472
561,stable,-1.000000000000000,6.636112812091596,-6.287151664824250,2.514788791821047,-2.169544569856953
562,stable,-1.000000000000000,5.714582104177680,-5.467867722356459,2.496260859217728,-2.335166125558317
563,stable,-1.000000000000000,5.833838134451071,-4.605743117514066,2.587799128406914,-2.483564840338659
564,stable,-1.000000000000000,6.325966714066453,-4.732110571101657,2.663898682527361,-2.134598041360732
565,stable,-1.000000000000000,6.428469376405701,-5.740794178564101,2.478899875939533,-2.194134991324972
566,stable,-1.000000000000000,5.651803740300238,-4.749752296804218,2.519082118320512,-2.039481233252445
567,stable,-1.000000000000000,6.070622821687721,-5.595644945251479,2.796741721038416,-1.962795747997006
568,stable,-1.000000000000000,6.319778961733391,-4.850526727270335,2.585556803096551,-2.605320916918572
569,stable,-1.000000000000000,6.604102603858337,-5.089954073861009,2.744206703995587,-2.389058661297895
570,stable,-1.000000000000000,6.131183267476445,-5.529683612985536,2.545416615728755,-2.171478478529025
571,stable,-1.000000000000000,7.366354370024055,-4.677343424220453,2.533523931073432,-2.155973416927736
572,stable,-1.000000000000000,6.326849954319187,-5.220264603121905,2.793629205199977,-1.996655079638003
573,stable,-1.000000000000000,6.316913061156811,-5.994954330075416,2.557527377401129,-2.753195620316546
574,stable,-1.000000000000000,5.719247567606544,-5.735244435025379,2.683388305085828,-2.304220320715103
575,stable,-1.000000000000000,6.751151759061031,-5.652093091834104,2.475732207116380,-2.226889461453538
576,stable,-1.000000000000000,6.586842757533304,-5.034858332386648,2.509817378580919,-2.191562812484335
577,stable,-1.000000000000000,7.021634787321091,-5.101782173587708,2.709526369886589,-1.832292312930804
578,stable,-1.000000000000000,6.201887014554814,-5.339389188142377,2.700399917579489,-2.268489457143005
579,stable,-1.000000000000000,6.845476836140733,-6.210213895421475,2.811792271619197,-2.082213657151442
580,stable,-1.000000000000000,6.303198177833110,-5.354450072860345,2.652782329270849,-1.967568266554736
581,stable,-1.000000000000000,5.969620431307703,-4.828556358508649,2.606899913871530,-2.142814652055677
582,stable,-1.000000000000000,5.901696272194386,-5.025589710508939,2.648072331496223,-2.334946773655247
583,stable,-1.000000000000000,5.975962211028673,-4.957468481734395,2.539762658096151,-2.247970671567600
584,stable,-1.000000000000000,6.232028265629197,-5.580395728786243,2.663178994000191,-2.255947946716333
585,stable,-1.000000000000000,6.234506551409140,-4.748613159346860,2.586803864658577,-2.044268696030485
586,stable,-1.000000000000000,6.571424718480557,-6.195931798749371,2.598505639412906,-2.319595913810190
587,stable,-1.000000000000000,6.137468130211346,-4.717411882695160,2.557000300614163,-2.408438355530961
588,stable,-1.000000000000000,6.605993411387317,-4.867165806354024,2.490564735830048,-2.317078262276482
589,stable,-1.000000000000000,5.780441584938671,-4.749330148180889,2.511644785656244,-1.961101952387253
590,stable,-1.000000000000000,6.040758751099929,-5.289904029108584,2.454206879476260,-2.370101701570093
591,stable,-1.000000000000000,6.742219782900065,-4.498529049102217,2.747664509297465,-2.456062430574093
592,stable,-1.000000000000000,5.910747409303440,-4.631074322143832,2.504220418166369,-2.046632076351671
593,stable,-1.000000000000000,5.824536115680530,-5.742282122373581,2.451700667515979,-2.497411483724136
594,stable,-1.000000000000000,7.155372529989108,-4.581314087961800,2.627059913749690,-2.009121726718149
595,stable,-1.000000000000000,6.282450691047416,-5.114146697800606,2.652101886895252,-1.941532477183500
596,stable,-1.000000000000000,6.178034695534734,-5.862357643898576,2.740936443427927,-2.375768155558035
597,stable,-1.000000000000000,6.170421058603097,-4.895320888390415,2.711361502813816,-2.029125602450222
598,stable,-1.000000000000000,5.689042463338410,-5.748126463498920,2.440544580531423,-2.300603521871381
599,stable,-1.000000000000000,6.162314238041290,-5.309740420198068,2.570155201065063,-2.235737302165944
600,stable,-1.000000000000000,5.986441476270556,-6.261247650720179,2.736923199734520,-2.171329187054653
601,stable,-1.000000000000000,6.444883179967292,-5.308444218273507,2.565999014614135,-2.364193959336262
602,stable,-1.000000000000000,5.745051821686502,-4.888860181956261,2.482225272178766,-2.151960505580064
603,stable,-1.000000000000000,5.929499296114955,-5.180377432203386,2.495804946316639,-2.285215313924709
604,stable,-1.000000000000000,5.873157708032522,-4.890360179851996,2.717734054946050,-2.141412760465755
605,stable,-1.000000000000000,6.324111051741056,-6.198639833281050,2.564601527024934,-1.947552703728434
606,stable,-1.000000000000000,6.716352674411610,-4.772348950427840,2.681380819374681,-2.112098341516685
607,stable,-1.000000000000000,7.785097137646517,-5.099840307811974,3.194315934902988,-2.255866519801202
608,stable,-1.000000000000000,5.659964211168699,-4.641097987274406,2.730765620945022,-2.218790856364649
609,stable,-1.000000000000000,6.593098426732467,-6.003776895115152,2.582680768013233,-2.002526575612137
610,stable,-1.000000000000000,6.198693490317964,-5.239179142750800,2.507195745412901,-2.201459920324851
611,stable,-1.000000000000000,5.516224007820711,-4.579182771733031,2.656605642638169,-2.298486909596249
612,stable,-1.000000000000000,6.261437333188951,-5.515399208263261,2.818289309114334,-2.220493294589687
613,stable,-1.000000000000000,6.539508591871709,-4.914847533218563,2.686895955353975,-2.293391059036367
614,stable,-1.000000000000000,6.047408970538527,-5.654990259092301,2.522662494680844,-2.297116758767515
615,stable,-1.000000000000000,5.849051010562107,-5.280317770317197,2.791916726511772,-2.030783116759267
616,stable,-1.000000000000000,6.510795927606523,-5.741641447424627,2.607658927845478,-1.980484015482944
617,stable,-1.000000000000000,8.140037448145449,-4.486916911089793,2.852058525139000,-2.546666525231558
618,stable,-1.000000000000000,6.201052149233874,-5.052210293186363,2.712937862219405,-2.396999304357450
619,stable,-1.000000000000000,6.045811170130037,-5.796807592967525,2.560122353170300,-1.874945705203572
620,stable,-1.000000000000000,6.513912069902290,-4.978853418841027,2.571014536006260,-2.410901414405089
621,stable,-1.000000000000000,6.001548651373014,-4.782035230891779,2.686417223099852,-2.223533599637449
622,stable,-1.000000000000000,5.800782204896677,-5.129688838031143,2.670795791671480,-2.091151363361860
623,stable,-1.000000000000000,6.851924545946531,-4.661541058216244,2.599378696962958,-2.251726888178382
624,stable,-1.000000000000000,5.676433944725432,-5.719038406852633,2.651318653632188,-2.285756271274295
625,stable,-1.000000000000000,5.777766258077463,-5.486657220404595,3.110854541999288,-2.144905601429855
626,stable,-1.000000000000000,6.777388183982112,-5.775721960468218,2.502930488582933,-2.106179235735908
627,stable,-1.000000000000000,5.859630337217823,-5.418851652881131,2.952003124366456,-2.230251955974381
628,stable,-1.000000000000000,6.698505998356268,-5.237964383864892,2.591270459961379,-1.995598787383642
629,stable,-1.000000000000000,5.712899719015695,-5.001712964818580,2.774725550254516,-1.846167479729047
630,stable,-1.000000000000000,6.600686382385902,-5.123003593151225,2.717001772316507,-2.162596083537210
631,stable,-1.000000000000000,5.913648858222587,-5.185595940536587,2.718360907078022,-2.108340144273825
632,stable,-1.000000000000000,6.746000731829554,-6.438995735930803,2.464257093917695,-2.115530293580377
633,stable,-1.000000000000000,5.803991229236999,-5.226435514137847,2.659671125788009,-2.177017050707946
634,stable,-1.000000000000000,5.817495998897357,-6.037075506581459,2.670470075992853,-2.186830901075155
635,stable,-1.000000000000000,5.963386459938192,-4.714104899641825,2.418768855122835,-2.519000168249477
636,stable,-1.000000000000000,6.151292785682017,-5.002782230265439,2.521051679061202,-2.130097579036374
637,stable,-1.000000000000000,6.376371636491967,-5.359956893575145,2.545453946338966,-2.369040110817878
638,stable,-1.000000000000000,5.816808728413889,-4.449503867581370,2.759736845691805,-2.193850997544359
639,stable,-1.000000000000000,6.883096007630229,-5.038873769313795,2.582548661208421,-2.282334023795556
640,stable,-1.000000000000000,5.860599215426191,-4.506558733526617,2.519694570597494,-2.078285783005413
641,stable,-1.000000000000000,6.300009122263873,-5.356315623008413,2.442811340610206,-2.094329959247261
642,stable,-1.000000000000000,5.988627134976014,-5.675236082141055,2.553933628536470,-2.390994841593056
643,stable,-1.000000000000000,5.842484450375196,-5.222191733977525,2.767733630076691,-2.505853385489900
644,stable,-1.000000000000000,6.345698750315933,-5.769382059341297,2.570332131610485,-2.521775629080366
645,stable,-1.000000000000000,6.011060886405176,-5.803734133689431,3.157489092394826,-2.071615839551669
646,stable,-1.000000000000000,6.333762389316689,-5.157080877077533,2.515818688549189,-2.192757338503725
647,stable,-1.000000000000000,6.290649465838214,-4.851241862823372,2.722253557869408,-2.245185762294568
648,stable,-1.000000000000000,6.108516256266739,-4.699298058592831,2.710198640968883,-2.320361822406994
649,stable,-1.000000000000000,6.330422041821294,-4.580238844704581,2.561643299186471,-2.264508178050164
650,stable,-1.000000000000000,5.543395605287515,-5.401074626948684,2.683074689426576,-2.124790628033224
651,stable,-1.000000000000000,6.052029082784429,-6.391408043680713,2.559026099057519,-2.019387995038414
652,stable,-1.000000000000000,6.347816335386597,-5.345143496699166,2.361779338476481,-2.323909629543778
653,stable,-1.000000000000000,6.158623919938691,-5.770666122582043,2.736474271106999,-2.125925116459257
654,stable,-1.000000000000000,5.923703389536968,-5.034115026341169,2.931908985650807,-2.437509932729881
655,stable,-1.000000000000000,5.921790570719168,-5.935871432040585,2.596927121332556,-2.326210735947825
656,stable,-1.000000000000000,5.944076327112271,-5.722951934672892,2.549035664376788,-2.429935078427661
657,stable,-1.000000000000000,6.356540761538781,-5.189335294417106,2.467010892978578,-2.174685493635479
658,stable,-1.000000000000000,6.348110548817203,-5.631866869051009,2.605088993752361,-2.049979761242867
659,stable,-1.000000000000000,6.604667337494902,-4.846652464475483,2.600122580019161,-2.248529940494336
660,stable,-1.000000000000000,5.986061800824245,-5.047073920693947,2.668235894132522,-2.368651272146963
661,stable,-1.000000000000000,6.638888334855437,-4.503593646892114,2.682884377536539,-2.501500404148828
662,stable,-1.000000000000000,6.185741121502360,-4.656214184346027,2.704887549327395,-2.330597651758580
663,stable,-1.000000000000000,6.003326099533297,-5.181474150682334,2.672271209703467,-2.155595897405874
664,stable,-1.000000000000000,5.803761224262416,-5.907408622995717,2.687640065938467,-2.317376506398432
665,stable,-1.000000000000000,5.880458526313305,-5.432140141259879,2.493479422671953,-2.110039982158924
666,stable,-1.000000000000000,6.169215608577360,-5.383686980552739,2.708006332759396,-2.106978352763690
667,stable,-1.000000000000000,6.532274364144541,-5.992700936272740,2.627076739343465,-1.886553207630641
668,stable,-1.000000000000000,6.089294557037647,-4.816502946894616,2.629958238656400,-2.346867097134236
669,stable,-1.000000000000000,5.910939034314652,-5.787288460967829,2.771317689102943,-2.335097970208153
670,stable,-1.000000000000000,6.679568907711655,-5.255386220102082,2.547969565777748,-2.356471390638035
671,stable,-1.000000000000000,6.661176795838401,-4.977817911159946,2.619064679420262,-1.864199529455846
672,stable,-1.000000000000000,5.861500060789695,-4.762435648124665,2.810639760995400,-2.234545623083250
673,stable,-1.000000000000000,7.100180494133383,-4.975580831127445,2.599031585603370,-2.472592194040772
674,stable,-1.000000000000000,6.395333942375146,-5.192680089705391,2.537460647567059,-2.281748927081935
675,stable,-1.000000000000000,5.944167226618447,-4.516801231198770,2.713877501111710,-2.183940187082044
676,stable,-1.000000000000000,6.073802854072710,-4.579530920600519,2.710899046185659,-2.280564610231522
677,stable,-1.000000000000000,5.688296397798695,-5.075531350681558,2.841325919958763,-2.406292134124669
678,stable,-1.000000000000000,5.930465704412200,-6.190323773305863,3.224568082281621,-2.117008429602720
679,stable,-1.000000000000000,5.875320080172969,-6.228077066654805,2.455506193640758,-1.995355271646986
680,stable,-1.000000000000000,6.160754485637881,-5.444265726488084,2.703218515278422,-2.173994503216818
681,stable,-1.000000000000000,6.211046815093141,-4.816520618362119,2.785875779722119,-2.206639589188853
682,stable,-1.000000000000000,6.426801037508994,-5.648039500665618,2.565188956568818,-2.206249341077637
683,stable,-1.000000000000000,6.354855376644991,-5.751941437774803,2.712426096972195,-2.077178068400826
684,stable,-1.000000000000000,6.060828926281829,-4.802223518796382,2.810020587334293,-2.242815833829809
685,stable,-1.000000000000000,5.555746364363586,-5.620840191608295,2.577463522859034,-2.410705947433598
686,stable,-1.000000000000000,5.988213775512122,-4.345432303285634,2.663224880190683,-2.145354663989565
687,stable,-1.000000000000000,6.687381782801822,-5.765200145047856,2.574549161879986,-2.020044807723025
688,stable,-1.000000000000000,6.114929397932428,-5.100399501796346,2.388508759860997,-1.970000496861758
689,stable,-1.000000000000000,5.991055755759589,-5.624470531445695,2.588770381233189,-2.981405063066632
690,stable,-1.000000000000000,5.785484144420479,-4.674323502695188,3.046033317739784,-2.386558224621695
691,stable,-1.000000000000000,6.291187511382304,-4.896212595049292,3.008373837175895,-2.313872878075927
692,stable,-1.000000000000000,5.937213936325861,-4.911606215348002,2.786938663157343,-1.774734284772421
693,stable,-1.000000000000000,7.230142751825042,-4.525584057089873,2.514160448619805,-2.375126597627968
694,stable,-1.000000000000000,6.949671391746961,-5.370254573615966,2.926341950944334,-2.195417784503661
695,stable,-1.000000000000000,5.847193777972279,-5.227249011863023,2.566871096758405,-2.203894280653913
696,stable,-1.000000000000000,7.459614482198958,-4.258768993837293,2.544129425607025,-2.268602421216201
697,stable,-1.000000000000000,5.842123201815411,-4.853688435032382,2.546204769188989,-2.173611178965075
698,stable,-1.000000000000000,6.247579520357249,-4.515244767375407,2.428841367174755,-2.533690343087073
699,stable,-1.000000000000000,6.188783683057409,-4.746921812649816,2.710130722196482,-2.276110566162970
700,stable,-1.000000000000000,6.245059176173527,-5.387896638829261,2.546785113918304,-2.406434934528079
701,stable,-1.000000000000000,6.384950234147254,-5.414242902537808,2.551912668108343,-2.417253860156052
702,stable,-1.000000000000000,6.493779704673216,-5.038233078055782,2.639785498686251,-1.879584069276461
703,stable,-1.000000000000000,6.682294998783618,-5.224208119732793,2.491125648637535,-2.103391854034271
704,stable,-1.000000000000000,5.762293360166950,-5.265412397333421,2.940661498978443,-2.157489536737558
705,stable,-1.000000000000000,7.089165542274714,-6.705939059378579,2.625884255190613,-1.936007787415292
706,stable,-1.000000000000000,6.068277238869541,-4.831421741284430,2.662376179738203,-2.092489213624503
707,stable,-1.000000000000000,6.054949705838226,-5.353039899317082,2.594949776103022,-2.497020227659959
708,stable,-1.000000000000000,6.377211155835539,-5.403117959940573,2.437105646473356,-2.065740086982260
709,stable,-1.000000000000000,5.830045005597640,-4.698350944760023,2.894170583458617,-2.140207278134767
710,stable,-1.000000000000000,6.250462141353637,-4.955301839858294,2.484923144947970,-1.884618642216083
711,stable,-1.000000000000000,5.941232766141184,-5.189931275788695,2.716928420768454,-2.125853070901940
712,stable,-1.000000000000000,5.999588070000755,-5.676264568668557,2.641707364382455,-2.283829615160357
713,stable,-1.000000000000000,6.867630393906438,-4.884218006161973,2.555878554521769,-2.107647996075684
714,stable,-1.000000000000000,5.619549794304476,-4.731340063735843,2.416856559044390,-1.928775211446919
715,stable,-1.000000000000000,5.927415966834815,-5.317347339820117,2.645418495114427,-2.172419121721759
716,stable,-1.000000000000000,6.956358841620386,-5.529970707342727,2.464250830991659,-2.007378367881756
717,stable,-1.000000000000000,5.899332867295016,-5.176884328015149,2.805411618028302,-2.314229666866595
718,stable,-1.000000000000000,6.161943015118595,-4.910055841319263,2.981703351535543,-2.167675994744059
719,stable,-1.000000000000000,5.760563961521257,-5.141648671291478,2.639092636287387,-1.849028001801344
720,stable,-1.000000000000000,5.981718701485079,-5.515841174055822,2.526529220020166,-2.505785001034383
721,stable,-1.000000000000000,6.095936650672229,-5.600838344515068,2.831130789294548,-2.556629492552020
722,stable,-1.000000000000000,6.007182335655671,-5.184922744752839,2.747664257658471,-2.549734803713363
723,stable,-1.000000000000000,6.337544466834515,-5.028740774723701,2.677969138516346,-2.041272762377048
724,stable,-1.000000000000000,5.777121323044412,-5.530840201507090,2.620391783615560,-1.984170477706357
725,stable,-1.000000000000000,6.139102086621278,-6.223336060691508,2.751715144309856,-2.192007046134677
726,stable,-1.000000000000000,6.076891841417819,-5.720511740510119,2.542100439502974,-2.527299801004119
727,stable,-1.000000000000000,6.185084450175054,-5.367718776105903,2.691344053979265,-2.049094521309598
728,stable,-1.000000000000000,5.779472210408130,-5.383510731131537,2.267029598593581,-2.304754555865657
729,stable,-1.000000000000000,6.003338368958794,-4.893999025225639,2.625121652992675,-1.993975006349501
730,stable,-1.000000000000000,6.199054639320821,-5.938750526722288,2.630539085999771,-2.244207740906859
731,stable,-1.000000000000000,6.809012318495661,-5.507772765704431,2.563449665729422,-2.617487567767967
732,stable,-1.000000000000000,6.430184722092235,-4.833783080539433,2.670779490304994,-2.171211942302762
733,stable,-1.000000000000000,6.207440538739320,-4.869568388443440,2.629268439282896,-2.357440277875867
734,stable,-1.000000000000000,6.117193680664059,-5.208971389773069,2.674187259450264,-2.527004479838638
735,stable,-1.000000000000000,5.908057677777833,-6.081548323738389,2.701985987070657,-2.334781432931777
736,stable,-1.000000000000000,5.862721571931615,-5.685667470563203,2.551551287644543,-2.195587244059425
737,stable,-1.000000000000000,6.622791986272205,-4.405050348461373,2.317636987383594,-2.053157746151555
738,stable,-1.000000000000000,6.448874678346328,-4.526094612738234,2.476471394023974,-2.597144704835955
739,stable,-1.000000000000000,6.410940144647611,-6.009676020126790,2.610677518678131,-2.287021720258053
740,stable,-1.000000000000000,6.304336125213013,-5.830569411016768,2.495776446936361,-2.218450150161516
741,stable,-1.000000000000000,6.789566776540596,-4.838591679930687,2.478420830753748,-1.838706224036287
742,stable,-1.000000000000000,5.984025013865903,-4.595087426234386,2.721449541793845,-2.198574770067353
743,stable,-1.000000000000000,5.791012810215761,-4.711111363445525,2.702389893529471,-2.271551896963501
744,stable,-1.000000000000000,6.850042042322457,-5.336656488289009,2.535696887440281,-2.390479381720070
745,stable,-1.000000000000000,6.202276089366933,-4.763382204859226,2.523136077361414,-2.303063462662976
746,stable,-1.000000000000000,6.660293976194225,-5.476203463593265,2.656639954075217,-2.334066925483057
747,stable,-1.000000000000000,6.696003707591444,-6.116490803658962,3.194792081245396,-1.963086464733351
748,stable,-1.000000000000000,6.112059560604393,-6.131482379743829,3.052414448633499,-2.463850920903496
749,stable,-1.000000000000000,6.263349037588341,-4.772707996336976,2.736417946747679,-2.318253535617259
750,stable,-1.000000000000000,5.738567930260615,-6.310564813145902,2.782109266036059,-2.228842959120811
751,stable,-1.000000000000000,6.169196279777680,-5.166566080850316,2.799370624910807,-1.953304931579623
752,stable,-1.000000000000000,6.262687849579379,-4.497385367692914,2.536463504376115,-1.905558134225430
753,stable,-1.000000000000000,6.071981324203080,-4.816907952037582,2.782530651711568,-2.228189943300094
754,stable,-1.000000000000000,5.554025954916142,-5.314008301589638,2.517214815792613,-2.167240072682034
755,stable,-1.000000000000000,6.002932003058959,-4.879635506251361,2.494500017492101,-2.409620977123268
756,stable,-1.000000000000000,6.072983240766916,-5.353103692526929,2.665718424017541,-2.482861749420408
757,stable,-1.000000000000000,6.903474844177254,-5.169719231998897,2.877024312088906,-2.067267985068611
758,stable,-1.000000000000000,6.121881265687989,-6.135766702209366,2.800810257234843,-2.168862159567652
759,stable,-1.000000000000000,6.627713175046665,-4.806759686442092,3.040043940120086,-2.280491635145154
760,stable,-1.000000000000000,5.764231056491553,-5.033457711710071,2.699894430354107,-2.128421909059398
761,stable,-1.000000000000000,5.741942481370643,-4.235165526552009,2.740773885561794,-1.978612831968348
762,stable,-1.000000000000000,6.178952804184519,-5.565807381877676,2.461034730418760,-2.578415498777758
763,stable,-1.000000000000000,6.369878033292480,-5.327998553402722,2.684304669106496,-2.200371949176770
764,stable,-1.000000000000000,6.660668203316163,-5.785133437369950,2.626580500398632,-2.137107685091905
765,stable,-1.000000000000000,6.087506376439705,-5.967326780315489,2.609998454776360,-2.561356109741610
766,stable,-1.000000000000000,6.503506253589876,-4.934118888952071,2.471980931126382,-1.886088173239841
767,stable,-1.000000000000000,5.485754819434078,-5.741730555862887,2.840154770463414,-2.212218632164877
768,stable,-1.000000000000000,5.786969870205212,-5.130081070761662,2.452140374109149,-2.272421641682740
769,stable,-1.000000000000000,5.818652767775347,-5.050069004762918,2.798864390939343,-1.976908881391864
770,stable,-1.000000000000000,6.499338881112635,-5.325215743359877,2.373006909234391,-2.250509231816977
771,stable,-1.000000000000000,5.643346975208260,-5.222020617715316,2.704978835196016,-2.237774314737180
772,stable,-1.000000000000000,6.836177314980887,-4.953344960333197,2.450687519172789,-1.981365725150681
773,stable,-1.000000000000000,5.915096276643453,-4.778587316133780,2.603656200983096,-2.398000543878879
774,stable,-1.000000000000000,6.125384647399187,-4.730245330109028,2.640603498914061,-2.664094413805287
775,stable,-1.000000000000000,6.410348471232282,-5.979624179308303,2.687155914172763,-2.040219859860372
776,stable,-1.000000000000000,6.858839017339051,-5.987366852059495,2.895375437015900,-2.161499980313238
777,stable,-1.000000000000000,6.872793242568150,-4.972416089178296,2.570200653426582,-2.406957326398697
778,stable,-1.000000000000000,6.167263801558875,-4.525840882080956,2.566214636666700,-2.324319080158602
779,stable,-1.000000000000000,6.289493363932706,-5.020357083994895,2.637930682394654,-2.051993317611050
780,stable,-1.000000000000000,7.084850993938744,-5.124157033860683,2.600259493388876,-2.900118011690211
781,stable,-1.000000000000000,6.271334780001780,-4.983217395769316,2.911595943753127,-1.882497451646486
782,stable,-1.000000000000000,7.027820915565826,-5.379018485371489,2.612683922639917,-2.684529991005547
783,stable,-1.000000000000000,6.255241270642728,-5.554617658461211,2.491532506937801,-2.108368328365032
784,stable,-1.000000000000000,6.248394285095856,-5.243576948298141,2.589511441372451,-2.594935843546409
785,stable,-1.000000000000000,5.749073744307680,-5.757406802818878,2.588109560456360,-2.154843817163055
786,stable,-1.000000000000000,5.821351622835209,-5.736589748179540,2.649930088344263,-2.170046336192172
787,stable,-1.000000000000000,6.399860406527296,-5.395301561802626,2.703206999976828,-2.367096942849457
788,stable,-1.000000000000000,6.109462491032900,-4.536148488776234,2.775049139796465,-2.175865499943029
789,stable,-1.000000000000000,5.907022342260461,-4.321009204926668,2.553738382694064,-1.840669370139949
790,stable,-1.000000000000000,5.771551831101533,-5.166931316140108,2.904594983723655,-2.292234439475578
791,stable,-1.000000000000000,6.073245155566838,-6.151588615903165,2.659346884633123,-2.224920968175866
792,stable,-1.000000000000000,6.615902282646857,-5.794606094219489,2.688120117185463,-2.328469962158124
793,stable,-1.000000000000000,6.031462980667129,-5.252420706616249,2.637530326806882,-2.381611411052290
794,stable,-1.000000000000000,5.940266529738437,-4.913673683535308,2.766992527598632,-2.498634975927416
795,stable,-1.000000000000000,5.724149749294156,-5.591386778745800,2.598099249116785,-2.186222388758324
796,stable,-1.000000000000000,7.339375029783696,-5.098771771648899,2.631478932737082,-2.447813391510863
797,stable,-1.000000000000000,5.934041258005891,-4.859197273151949,2.724441577054677,-2.116801934957039
798,stable,-1.000000000000000,5.957874546991661,-5.221720265690237,2.593284967244472,-2.393474865413737
799,stable,-1.000000000000000,6.130735127546359,-5.255924137512920,2.632707214987022,-2.457184437313117
800,stable,-1.000000000000000,6.584375473670661,-5.589022180967731,2.456954706511169,-2.411234311584849
801,stable,-1.000000000000000,6.745059044449590,-4.787886437283305,2.666750156895432,-2.283561231626663
802,stable,-1.000000000000000,5.838864996469056,-5.661768863239558,2.744134006788954,-2.074916206693160
803,stable,-1.000000000000000,6.307647520188766,-4.988120124056877,2.587542970832146,-2.529751986381598
804,stable,-1.000000000000000,6.720972444541985,-5.319015154615045,2.589794272862491,-2.258783514927927
805,stable,-1.000000000000000,5.995672473705781,-5.099288848490687,2.617650579115434,-2.505012677574996
806,stable,-1.000000000000000,6.260216237453278,-5.125033253018046,2.559467991537531,-1.989621183718555
807,stable,-1.000000000000000,6.068535471684299,-4.559186149359448,2.444538802403258,-2.429517943121027
808,stable,-1.000000000000000,5.901305116574804,-5.067439357284456,2.611788901551336,-1.853468287445139
809,stable,-1.000000000000000,6.486338722002984,-4.854566188703757,2.648377149598673,-1.946021276322426
810,stable,-1.000000000000000,5.955078651488293,-5.217898371192859,2.788410201348597,-2.176288349233801
811,stable,-1.000000000000000,5.588354137027636,-5.028331879133475,2.689991021834430,-2.228885167918634
812,stable,-1.000000000000000,6.317256187903695,-5.478556707006646,2.669189377600560,-2.274516584409866
813,stable,-1.000000000000000,6.670118058333173,-4.966360043472378,2.835677297931397,-2.343963265127968
814,stable,-1.000000000000000,5.867488928255625,-5.619857493322343,2.650829216823695,-2.489150911511388
815,stable,-1.000000000000000,6.962449725368060,-6.381230693281395,2.968126772138930,-2.209367896371987
816,stable,-1.000000000000000,5.798090225085616,-5.448487867601216,2.682281079076347,-2.056458102713805
817,stable,-1.000000000000000,5.933360304537928,-4.632057259455905,2.730385831608146,-2.026221820502542
818,stable,-1.000000000000000,5.877098147466313,-5.413806215830846,2.464201028924435,-2.194226271909429
819,stable,-1.000000000000000,5.900830358201347,-5.655955293535953,2.679598066482868,-1.854725917088217
820,stable,-1.000000000000000,6.529142394545488,-5.047748973098351,2.470884179281711,-2.582275198132265
821,stable,-1.000000000000000,6.728022298193537,-5.913751638028771,2.535335743115866,-2.182284338865429
822,stable,-1.000000000000000,6.132166934454290,-5.287073113926454,2.663910656128792,-2.098377091169823
823,stable,-1.000000000000000,6.424437177716754,-4.566568996262504,2.715732334487257,-2.191163984069135
824,stable,-1.000000000000000,5.758260999806225,-6.258439227211056,2.661313259501185,-2.257578282791656
825,stable,-1.000000000000000,5.798246678983560,-5.152707412111340,2.618264519893273,-2.139931746336515
826,stable,-1.000000000000000,6.634061190416105,-4.917990308837034,2.502911013571065,-2.005211191921262
827,stable,-1.000000000000000,6.299339285935275,-6.304494327341672,2.862161278346321,-2.348772565892432
828,stable,-1.000000000000000,6.159164887096267,-5.677272336179158,2.756945884932065,-2.430194374406710
829,stable,-1.000000000000000,6.946241639438085,-5.361188342794776,2.971474800542637,-1.881144764076453
830,stable,-1.000000000000000,6.080661681131460,-5.191873787436634,2.943623922299594,-2.274117304419633
831,stable,-1.000000000000000,6.373134237306658,-5.882427421631292,2.669081255822675,-2.342889636463951
832,stable,-1.000000000000000,5.635412493098556,-4.473060947362683,2.829884378603310,-2.367130985483527
833,stable,-1.000000000000000,7.167000394532806,-5.091610486968420,2.750214146804865,-2.229015671298839
834,stable,-1.000000000000000,5.877119592769304,-5.047803874593228,2.657119432231411,-1.943984162295237
835,stable,-1.000000000000000,5.801584147207905,-6.531575803383021,2.307294266967801,-2.064360441552708
836,stable,-1.000000000000000,5.826305009599309,-5.759406747383764,2.628699515407789,-2.231520038621966
837,stable,-1.000000000000000,5.998985911603086,-4.950920125789708,2.681324955570744,-2.193656609393656
838,stable,-1.000000000000000,6.181747141527012,-4.612704707535158,2.687204226022004,-2.194297833659220
839,stable,-1.000000000000000,6.210016189957969,-4.937753645266639,2.722796072397614,-2.400094819429796
840,stable,-1.000000000000000,6.571245033177547,-4.639870440369123,2.365697847708361,-2.529552844993304
841,stable,-1.000000000000000,6.058080765360501,-6.458632549736649,2.504679833764385,-2.323011297907215
842,stable,-1.000000000000000,5.774064979981631,-4.777347865980119,2.933867713487416,-2.220343158463947
843,stable,-1.000000000000000,6.071046430115530,-5.067819418385625,2.713789271030691,-2.515008392336313
844,stable,-1.000000000000000,5.759289182424254,-5.586894224368734,2.700351573001171,-2.040382072271314
845,stable,-1.000000000000000,5.999296979331120,-4.870742555474862,2.547963909855753,-1.970742274133954
846,stable,-1.000000000000000,5.757549606700195,-5.510749943787232,2.487977867531299,-2.004041163236252
847,stable,-1.000000000000000,6.481565466616303,-4.726593101368053,2.731373657174117,-2.420495270926040
848,stable,-1.000000000000000,5.848593887218158,-4.547590708767530,2.494160324466066,-2.124599624541588
849,stable,-1.000000000000000,6.537823540507816,-5.046114462544210,2.566132549050963,-1.816781322093448
850,stable,-1.000000000000000,6.453340133426536,-5.313674574543256,2.513222718174802,-2.624959735432640
851,stable,-1.000000000000000,6.424904759682249,-5.378459252417088,2.584245591729996,-2.838075938110705
852,stable,-1.000000000000000,6.618238948634826,-4.601198924239725,2.724236879395903,-2.541925351077225
853,stable,-1.000000000000000,6.838268845691346,-4.701476146627101,2.697514290593972,-1.797628002059355
854,stable,-1.000000000000000,6.274431267287582,-4.593747231781890,2.604274661796808,-2.352466386801098
855,stable,-1.000000000000000,6.183113845530897,-4.920127733144909,2.602265342211467,-2.354847840557341
856,stable,-1.000000000000000,6.039496049859736,-5.053226927877404,2.861011107452214,-2.435991908248980
857,stable,-1.000000000000000,6.411175551824272,-5.302426852518693,2.694263479279471,-2.413528908160515
858,stable,-1.000000000000000,5.874649868201232,-4.451066417124821,2.423129356771824,-2.006056893602363
859,stable,-1.000000000000000,6.006717090029269,-4.796668899245560,2.732571835680574,-2.153015572286677
860,stable,-1.000000000000000,6.465793395764194,-4.963704670168227,2.591723902694866,-2.733704778656829
861,stable,-1.000000000000000,5.569532976929622,-4.956214906291279,2.559779400966363,-2.315886481082998
862,stable,-1.000000000000000,6.719024307210930,-4.676136012960342,2.831672720778442,-2.237832317769062
863,stable,-1.000000000000000,5.809654186188709,-4.637451529037207,2.599417508885381,-2.718406947038602
864,stable,-1.000000000000000,5.875387888168916,-5.803790020290762,2.668812291769427,-2.427112489240244
865,stable,-1.000000000000000,6.367289007059298,-7.011980338225840,2.525139507211861,-2.249838153482415
866,stable,-1.000000000000000,5.978739738347940,-5.148535946238553,2.704123884046567,-2.124036666471511
867,stable,-1.000000000000000,6.594612569431774,-4.993652383564040,2.539084911704776,-2.447395648807287
868,stable,-1.000000000000000,7.049210017547011,-4.952817229132052,2.605141264226404,-2.342672027734807
869,stable,-1.000000000000000,5.888971324631711,-4.565320388152031,2.873634266929002,-1.846408929966856
870,stable,-1.000000000000000,5.986399725079536,-5.371015103766695,2.628739154344657,-2.070348559442209
871,stable,-1.000000000000000,7.002995174610987,-4.679707136237994,2.677089066090048,-2.242744832234166
872,stable,-1.000000000000000,6.618272033054382,-5.180818869936047,2.737963435269194,-2.056119583459804
873,stable,-1.000000000000000,6.364847796445247,-5.717690265242709,2.620886175805936,-2.504211675121041
874,stable,-1.000000000000000,5.811208809340314,-5.218329610357614,2.547713642292365,-2.117484005269944
875,stable,-1.000000000000000,6.054324075252225,-5.189701106370194,2.812978830261272,-2.073771047653281
876,stable,-1.000000000000000,5.918194544734433,-6.547002947161673,2.792350634350441,-2.224100359424483
877,stable,-1.000000000000000,5.933865737228189,-5.497080449189525,2.592401421999966,-2.106795237574261
878,stable,-1.000000000000000,6.589230057026725,-5.732672474521678,2.609993129663053,-2.344360574788880
879,stable,-1.000000000000000,6.427002805634402,-5.209376285492908,2.800471520655265,-2.174339083838277
880,stable,-1.000000000000000,7.676531773293391,-4.947498202789575,2.548343922433560,-2.112445808626944
881,stable,-1.000000000000000,7.164363642921671,-5.241439356468618,2.600509670381143,-2.292144413746428
882,stable,-1.000000000000000,6.763177697721403,-5.582908282754943,2.641437112848507,-2.255063048971351
883,stable,-1.000000000000000,6.429500316269696,-5.699310596915893,2.566223737172550,-2.223234920005780
884,stable,-1.000000000000000,6.120700877043419,-5.319590557599440,2.689472145779291,-1.944856354137301
885,stable,-1.000000000000000,6.323844674538122,-5.621290335009689,2.701353367272532,-2.246317668061238
886,stable,-1.000000000000000,6.217011558124796,-4.449347163856146,2.490543713220177,-2.109435612728703
887,stable,-1.000000000000000,6.055107469830546,-5.892941552563570,2.674425463803345,-2.073419099600869
888,stable,-1.000000000000000,6.343924830900505,-4.550560783231049,2.714211344537034,-2.262436853387044
889,stable,-1.000000000000000,6.101078570121899,-5.720574953709729,2.811652172174945,-2.259016101234010
890,stable,-1.000000000000000,6.159687045445025,-5.151196100210655,2.873171987761452,-2.205477941432036
891,stable,-1.000000000000000,7.459446732624201,-5.345734992850339,2.531928495154716,-2.342416349332780
892,stable,-1.000000000000000,5.687698358146008,-5.375335805874784,2.607043232783326,-2.186239372647833
893,stable,-1.000000000000000,5.823717782506719,-5.482222441787599,2.621585329417940,-2.074332691641757
894,stable,-1.000000000000000,6.203367101050389,-4.844734309706837,2.517223977334652,-2.277547937555937
895,stable,-1.000000000000000,6.776885677943937,-5.189773649413837,2.699024487315910,-1.904471760790329
896,stable,-1.000000000000000,7.012992761563510,-5.055139193151263,2.826987724780338,-2.387295704800636
897,stable,-1.000000000000000,6.020752499782247,-4.697702996898443,2.670361087541096,-2.489534137654118
898,stable,-1.000000000000000,5.475929910782725,-4.646247475859127,2.489678916361299,-2.357127898765611
899,stable,-1.000000000000000,6.159451679079211,-4.937743190675974,2.593164399993839,-2.532671650289558
900,stable,-1.000000000000000,6.234882095595822,-6.579406649456359,2.543193774026804,-2.320173978718231
901,stable,-1.000000000000000,5.769151518557919,-4.971351441316074,2.586069533797854,-2.406083943031263
902,stable,-1.000000000000000,6.653658843919402,-5.244457889784826,2.590475011675153,-2.428285632573534
903,stable,-1.000000000000000,5.772715163766406,-5.252757209789706,2.681103604612872,-2.066343508602586
904,stable,-1.000000000000000,6.611693192156963,-5.932243339309935,2.809617579267069,-2.164417455380317
905,stable,-1.000000000000000,6.261220455518924,-5.999588012666209,2.730788002947520,-2.161728945502546
906,stable,-1.000000000000000,6.200944868636725,-5.973531496740179,2.668099062313559,-2.137154294818174
907,stable,-1.000000000000000,6.781660732813179,-4.773420837969752,2.428621234852471,-2.206679605238605
908,stable,-1.000000000000000,6.179616675712168,-5.011947880615480,2.713788092398318,-2.521531086007599
909,stable,-1.000000000000000,6.164890944695799,-4.207586368909688,2.466252335034369,-2.355767110071611
910,stable,-1.000000000000000,7.280976145062596,-4.695708206156269,2.340128107956843,-1.819304418342654
911,stable,-1.000000000000000,5.987441448378377,-5.300735895449179,2.831129851751029,-2.131488403224012
912,stable,-1.000000000000000,6.873830336029641,-5.158350018376950,2.543477737315698,-2.104458510053519
913,stable,-1.000000000000000,6.235505364835262,-5.719221748600830,2.491346982242248,-1.989102593070129
914,stable,-1.000000000000000,6.499380916939117,-5.691239265288459,2.540245932133985,-2.156958764709998
915,stable,-1.000000000000000,6.035672789497767,-6.061980791244423,2.642233759310329,-2.950407937038108
916,stable,-1.000000000000000,7.134625882608816,-5.040001585846767,2.727746873002616,-2.177042803436052
917,stable,-1.000000000000000,6.110661848018935,-5.471644119592384,2.642895898607094,-2.540613993711304
918,stable,-1.000000000000000,5.896508942045330,-4.811834708045353,2.526017604526714,-2.749571734981146
919,stable,-1.000000000000000,6.532121807802469,-4.959764014871325,2.512607030601430,-2.060644458615570
920,stable,-1.000000000000000,5.924313783412799,-5.285916975000873,2.548149290931178,-2.170593568298500
921,stable,-1.000000000000000,6.156937396153808,-5.029786176368361,2.712117384915473,-2.166626284670201
922,stable,-1.000000000000000,6.417820387519896,-5.821424210414989,2.450164318164752,-1.974988921778277
923,stable,-1.000000000000000,6.668614420108497,-4.904954313882627,2.785487941355314,-2.171619158005342
924,stable,-1.000000000000000,5.888173470251786,-4.907592942472547,2.665432622772641,-1.988990457175532
925,stable,-1.000000000000000,5.552251930952480,-5.083720891037956,2.764100353699178,-2.196484683081508
926,stable,-1.000000000000000,5.864898737985641,-4.799482016504044,2.570002608983486,-2.040223265183158
927,stable,-1.000000000000000,6.315581760019995,-5.576029291114537,2.380065711404313,-2.690370944619644
928,stable,-1.000000000000000,5.858447403821629,-5.279855988104828,2.408281984049609,-2.128695856292325
929,stable,-1.000000000000000,5.661686858009489,-5.711452651041327,2.545707698373008,-1.898384527085000
930,stable,-1.000000000000000,6.480775679519866,-4.831181815345190,2.581418935747934,-2.041085551405558
931,stable,-1.000000000000000,5.979342760983855,-5.173225346603431,2.606757622925215,-2.177987487637438
932,stable,-1.000000000000000,5.847587023134110,-5.143535940092988,2.633808508100628,-2.274864208127838
933,stable,-1.000000000000000,6.434084678883664,-5.539354264736176,2.603118465762236,-2.336482178652659
934,stable,-1.000000000000000,6.097040681052022,-4.700090517755598,2.717919193491980,-2.578958427242469
935,stable,-1.000000000000000,5.822217775923491,-5.050777807802660,2.956988986936267,-2.542701191414380
936,stable,-1.000000000000000,6.486410631332546,-4.666832826042082,2.696695925871609,-2.588427211332601
937,stable,-1.000000000000000,6.311752141220495,-5.384407491888851,2.649759196174273,-2.142908393085236
938,stable,-1.000000000000000,6.968944912790903,-5.150885223323712,2.343174821653520,-2.414705855218926
939,stable,-1.000000000000000,6.386200433480553,-5.342507987748832,2.703997069416801,-2.019715204776730
940,stable,-1.000000000000000,5.697913979667646,-5.008750345084991,2.695932251015620,-2.134354083740618
941,stable,-1.000000000000000,5.926581944862846,-5.204264610656537,2.682352699855983,-2.352091030857991
942,stable,-1.000000000000000,6.177648772369139,-4.828596299048513,2.559417795622721,-2.308686738979304
943,stable,-1.000000000000000,6.102591279384797,-4.598101733834483,2.673218368930975,-2.134535907418467
944,stable,-1.000000000000000,6.049024588784960,-5.258067684539128,2.711783732826007,-2.313645048234321
945,stable,-1.000000000000000,6.012458938406780,-4.543476070713950,2.690264570881482,-2.007414736493956
946,stable,-1.000000000000000,6.039043587748893,-4.826312263496220,2.855537629271566,-2.153490751690697
947,stable,-1.000000000000000,6.071512085210998,-5.616021494352026,2.539214547563461,-2.240188121970277
948,stable,-1.000000000000000,6.582772269495763,-5.344733980251476,2.663401568097470,-2.412157311278861
949,stable,-1.000000000000000,5.876621124371013,-5.933063493226655,2.520976850608349,-2.327857511729235
950,stable,-1.000000000000000,5.985527728567831,-4.887705032888334,2.478494798881002,-1.934539348585531
951,stable,-1.000000000000000,6.590862827608362,-5.828267600532854,2.633251859719167,-2.097834169893758
952,stable,-1.000000000000000,6.058835305157118,-4.420515472986153,2.629360653436379,-2.437177519459510
953,stable,-1.000000000000000,6.281689448398538,-4.346245991444448,2.619854615666554,-2.460466469856328
954,stable,-1.000000000000000,6.048162451137614,-4.662526570245973,2.336520073129577,-1.968313641074928
955,stable,-1.000000000000000,6.270429386291653,-5.873328045709059,2.655863385167322,-2.047863276238786
956,stable,-1.000000000000000,6.190290200727759,-5.227791241137311,2.380759010862675,-2.170657358539756
957,stable,-1.000000000000000,6.314211068267468,-4.903303041792242,2.571474783613667,-2.556334134365898
958,stable,-1.000000000000000,6.309759336058050,-5.656278946640668,2.663436455914052,-2.142441803764086
959,stable,-1.000000000000000,6.509089939063415,-5.379608170187566,2.608764201126178,-2.084325772244483
960,stable,-1.000000000000000,7.506393690011464,-4.999525040504523,2.745921166919288,-2.064327122818213
961,stable,-1.000000000000000,5.867259322752943,-4.725844257511199,2.836055000014312,-2.129188475708361
962,stable,-1.000000000000000,6.340650313970400,-5.571531951311044,2.590822333702818,-2.126957448359462
963,stable,-1.000000000000000,6.321031545339793,-5.540974221279612,2.783040285721654,-2.222765585436719
964,stable,-1.000000000000000,5.756787877260649,-5.957140754646389,2.655265227163909,-2.249765824279166
965,stable,-1.000000000000000,5.861253714188933,-4.774487993621733,2.569117575074415,-2.185037861752789
966,stable,-1.000000000000000,5.646573553065537,-5.494696542329621,2.694533864181722,-2.244786531606223
967,stable,-1.000000000000000,5.752360753918765,-5.489437517331680,2.666708314754942,-1.828803205338772
968,stable,-1.000000000000000,6.048633772486937,-6.192806358332746,2.529178775665059,-2.480478504439816
969,stable,-1.000000000000000,6.376386706717312,-5.171939483581809,2.460357449561343,-2.135348814917961
970,stable,-1.000000000000000,5.888310774695128,-5.204961818613810,2.683248896202713,-2.347764049016405
971,stable,-1.000000000000000,6.100743071292527,-5.464640823658556,2.430366605432937,-2.155128424667055
972,stable,-1.000000000000000,6.106711747681402,-4.377959541932796,2.778000491327475,-2.018152510892833
973,stable,-1.000000000000000,6.030430499609793,-5.530455718486337,2.615412368060788,-1.999553873727564
974,stable,-1.000000000000000,5.969146459996409,-5.012613960629096,2.531661774386521,-2.142052445968147
975,stable,-1.000000000000000,6.784464896656573,-4.827831425398472,2.756991245310928,-2.226975974801462
976,stable,-1.000000000000000,6.702102062641643,-4.699290926902904,2.726037170206837,-2.050207654887345
977,stable,-1.000000000000000,7.185486707719974,-5.184383024927229,2.696030001578038,-2.186795767454896
978,stable,-1.000000000000000,6.246097288727469,-6.103002614807338,2.528870940863271,-2.205662344160373
979,stable,-1.000000000000000,6.696363514172845,-5.639547263039276,2.656877158224233,-2.478353097481886
980,stable,-1.000000000000000,5.916854680734104,-5.694353971630335,2.673437055555041,-2.497431747324299
981,stable,-1.000000000000000,5.925075901017408,-5.137704009859590,2.557864063885063,-2.414434718608391
982,stable,-1.000000000000000,6.236064783261099,-5.067254909867188,2.634222278655216,-2.107580439944286
983,stable,-1.000000000000000,6.586294279484719,-4.897178533865372,2.554946649193880,-2.118188137719699
984,stable,-1.000000000000000,5.743845689183217,-4.755803132880828,2.631261024791456,-2.206561640778091
985,stable,-1.000000000000000,6.272235933225602,-5.276289280038327,2.581307876282153,-2.151966923556756
986,stable,-1.000000000000000,6.077163221780211,-4.956577925942838,2.695400290054749,-2.548359268985223
987,stable,-1.000000000000000,7.485361922532320,-5.416347428807057,2.471446373529034,-2.467906459874939
988,stable,-1.000000000000000,5.863204384244455,-4.660247925261501,2.784075485076755,-2.243289330013795
989,stable,-1.000000000000000,6.899017940042540,-5.288741316180676,3.101837983966107,-1.877851870522136
990,stable,-1.000000000000000,6.494724827993196,-5.807229916303186,2.744756682775915,-2.733281085616909
991,stable,-1.000000000000000,6.079924048332032,-5.629709706176072,2.514758418576093,-2.315442571125459
992,stable,-1.000000000000000,6.606722997486941,-4.970454340305878,2.691736865861458,-2.255332146713044
993,stable,-1.000000000000000,6.251481828745455,-4.958466180338291,2.577776942014680,-1.959161516206223
994,stable,-1.000000000000000,6.657661929260939,-6.456819859333336,2.721628552724724,-2.171079267223831
995,stable,-1.000000000000000,5.308647533180192,-5.149296680698171,2.509101307536184,-2.433048620296177
996,stable,-1.000000000000000,6.056507665605750,-5.009152631217148,2.635890177087276,-2.287769456743263
997,stable,-1.000000000000000,5.803732798551209,-5.229537821840495,2.581843479587405,-2.078920477244537
998,stable,-1.000000000000000,6.452312147477642,-5.591191197978333,2.900558771209035,-2.214049685775535
999,stable,-1.000000000000000,5.751799762030714,-4.966145859332755,2.601092821996644,-2.108961902413284
1000,stable,-1.000000000000000,5.887283411257158,-4.580317924264818,2.719402197544696,-1.919735360410414
