# global_node  layer_id  local_node  bias
785 2 1 -1.0068614035844803e-01
786 2 2 3.2075062394142151e-02
787 2 3 -1.9768003374338150e-02
788 2 4 -8.1859789788722992e-03
789 2 5 4.7468803822994232e-02
790 2 6 -7.1594245731830597e-02
791 2 7 7.6394483447074890e-02
792 2 8 1.4567346870899200e-01
793 2 9 9.3521460890769958e-02
794 2 10 3.8309030234813690e-02
795 2 11 -3.4132186323404312e-02
796 2 12 1.9430177286267281e-02
797 2 13 4.1796141304075718e-03
798 2 14 -1.4976645819842815e-02
799 2 15 6.5856255590915680e-02
800 2 16 2.3045290261507034e-02
801 2 17 -1.0741887381300330e-03
802 2 18 9.7374543547630310e-02
803 2 19 -4.6024046838283539e-02
804 2 20 -7.0802797563374043e-03
805 2 21 2.3864587768912315e-02
806 2 22 9.9623784422874451e-02
807 2 23 -1.5008476562798023e-02
808 2 24 5.2371282130479813e-02
809 2 25 -5.3634069859981537e-02
810 2 26 3.8438931107521057e-02
811 2 27 -1.2122855521738529e-02
812 2 28 4.6315897256135941e-02
813 2 29 6.6981136798858643e-02
814 2 30 -3.4193817526102066e-02
815 2 31 4.4279806315898895e-02
816 2 32 -1.7957849428057671e-02
817 2 33 7.6255783438682556e-02
818 2 34 5.3963217884302139e-02
819 2 35 1.8766291439533234e-02
820 2 36 -6.7250192165374756e-02
821 2 37 1.8999328836798668e-02
822 2 38 -2.9865730553865433e-02
823 2 39 -7.8977859811857343e-04
824 2 40 -5.2099660038948059e-02
825 2 41 7.5505343265831470e-03
826 2 42 1.3757611624896526e-02
827 2 43 -9.8217956721782684e-02
828 2 44 2.7360901236534119e-02
829 2 45 5.4895311594009399e-02
830 2 46 -7.2995908558368683e-03
831 2 47 5.1700633019208908e-02
832 2 48 -5.5852442979812622e-02
833 2 49 -7.2774002328515053e-03
834 2 50 -1.5913903713226318e-02
835 2 51 8.8119637221097946e-03
836 2 52 3.5733621567487717e-02
837 2 53 -9.8022088408470154e-02
838 2 54 1.8009124323725700e-02
839 2 55 -4.0573563426733017e-02
840 2 56 9.1500379145145416e-02
841 2 57 4.3774459511041641e-02
842 2 58 5.9083011001348495e-03
843 2 59 8.8200621306896210e-02
844 2 60 2.5516062974929810e-02
845 2 61 2.4244124069809914e-02
846 2 62 2.5823455303907394e-02
847 2 63 1.3978996314108372e-02
848 2 64 6.2856771983206272e-03
849 2 65 4.5725349336862564e-02
850 2 66 -1.9828701391816139e-02
851 2 67 -1.3291062787175179e-02
852 2 68 1.8071249127388000e-02
853 2 69 4.2421042919158936e-02
854 2 70 6.2231931835412979e-02
855 2 71 -2.5083281099796295e-02
856 2 72 -7.8263454139232635e-02
857 2 73 -5.9341005980968475e-02
858 2 74 6.2403343617916107e-03
859 2 75 -1.6298007220029831e-02
860 2 76 7.1521297097206116e-02
861 2 77 -7.3540128767490387e-02
862 2 78 5.5900858715176582e-03
863 2 79 3.7880096584558487e-02
864 2 80 -1.3463027775287628e-01
865 2 81 -5.3869791328907013e-02
866 2 82 1.5778362751007080e-02
867 2 83 1.2827564775943756e-01
868 2 84 -7.1724345907568932e-03
869 2 85 2.9504772275686264e-02
870 2 86 -4.5536719262599945e-03
871 2 87 -9.7967693582177162e-03
872 2 88 2.8687786310911179e-02
873 2 89 1.8210614100098610e-02
874 2 90 -5.3061623126268387e-02
875 2 91 -3.0327063053846359e-02
876 2 92 3.0374941416084766e-03
877 2 93 7.5091142207384109e-03
878 2 94 9.3193680047988892e-02
879 2 95 -1.2765933759510517e-02
880 2 96 -2.0765077322721481e-02
881 2 97 -2.8410796076059341e-02
882 2 98 -1.6825620550662279e-03
883 2 99 7.0401310222223401e-04
884 2 100 -5.0581842660903931e-02
885 2 101 1.1241010390222073e-02
886 2 102 -6.2819593586027622e-03
887 2 103 3.3299241214990616e-02
888 2 104 -4.2869817465543747e-02
889 2 105 -2.0398437976837158e-02
890 2 106 -4.2154915630817413e-02
891 2 107 2.7370624244213104e-02
892 2 108 1.1458383873105049e-02
893 2 109 2.7650563046336174e-02
894 2 110 -5.6056722998619080e-02
895 2 111 5.3383283317089081e-02
896 2 112 2.6524623855948448e-02
897 2 113 9.7055613994598389e-02
898 2 114 5.6613534688949585e-02
899 2 115 6.9481693208217621e-02
900 2 116 9.4436794519424438e-02
901 2 117 5.7646252214908600e-02
902 2 118 1.7340162768959999e-02
903 2 119 1.9356206059455872e-02
904 2 120 2.5127375498414040e-02
905 2 121 -9.3875810503959656e-02
906 2 122 -5.5883936583995819e-02
907 2 123 -1.8290061503648758e-02
908 2 124 -2.4521140381693840e-02
909 2 125 1.6771195456385612e-02
910 2 126 5.1092170178890228e-02
911 2 127 5.1171079277992249e-02
912 2 128 2.5212991982698441e-02
913 2 129 -4.2759794741868973e-02
914 2 130 -5.1079034805297852e-02
915 2 131 3.7093297578394413e-03
916 2 132 3.8072701543569565e-02
917 2 133 -5.3540065884590149e-02
918 2 134 -1.0250809602439404e-02
919 2 135 -5.7646043598651886e-02
920 2 136 3.5074088722467422e-02
921 2 137 -1.7621049657464027e-02
922 2 138 5.2794627845287323e-02
923 2 139 7.4131980538368225e-02
924 2 140 2.6568805798888206e-02
925 2 141 -4.7385584563016891e-02
926 2 142 2.8957501053810120e-02
927 2 143 3.7668969482183456e-02
928 2 144 8.6302660405635834e-02
929 2 145 -4.8542432487010956e-02
930 2 146 6.9536946713924408e-02
931 2 147 1.0270342230796814e-01
932 2 148 4.8662465065717697e-02
933 2 149 9.1766528785228729e-03
934 2 150 6.9784738123416901e-02
935 2 151 -3.1505905091762543e-02
936 2 152 6.3545033335685730e-02
937 2 153 -1.8557472154498100e-02
938 2 154 -8.4226846694946289e-02
939 2 155 5.9127163141965866e-02
940 2 156 -2.3564528673887253e-02
941 2 157 4.0995189920067787e-03
942 2 158 3.0167344957590103e-02
943 2 159 3.8292374461889267e-02
944 2 160 6.5576634369790554e-03
945 2 161 2.5188501924276352e-02
946 2 162 -2.6672009378671646e-02
947 2 163 -9.0330071747303009e-02
948 2 164 -1.1760821798816323e-03
949 2 165 -1.6826132312417030e-02
950 2 166 4.8696778714656830e-02
951 2 167 -1.1667925864458084e-02
952 2 168 1.9415497779846191e-02
953 2 169 6.2397118657827377e-02
954 2 170 4.0844984352588654e-02
955 2 171 2.6138883084058762e-02
956 2 172 1.4080035686492920e-01
957 2 173 -1.5927204862236977e-02
958 2 174 4.5979127287864685e-02
959 2 175 -5.3935810923576355e-02
960 2 176 -2.2063346114009619e-03
961 2 177 -8.0942772328853607e-02
962 2 178 1.5189210884273052e-02
963 2 179 4.0219422429800034e-02
964 2 180 2.1455077454447746e-02
965 2 181 -2.6378558948636055e-02
966 2 182 -1.7729099839925766e-02
967 2 183 5.2313809283077717e-03
968 2 184 6.2150169163942337e-02
969 2 185 4.9169987440109253e-02
970 2 186 -8.5861906409263611e-02
971 2 187 6.1222124844789505e-02
972 2 188 -1.7244743183255196e-02
973 2 189 1.9786069169640541e-02
974 2 190 -4.0182229131460190e-02
975 2 191 -1.8071454018354416e-02
976 2 192 1.3577581942081451e-01
977 2 193 7.0488803088665009e-02
978 2 194 -2.2496050223708153e-02
979 2 195 1.8529159948229790e-02
980 2 196 2.8938952833414078e-02
981 2 197 1.0121313855051994e-02
982 2 198 6.5484032034873962e-02
983 2 199 -3.0877084936946630e-03
984 2 200 1.1214054375886917e-01
985 2 201 2.9510235413908958e-02
986 2 202 -1.8559275195002556e-02
987 2 203 5.0762936472892761e-02
988 2 204 -2.8319437056779861e-02
989 2 205 -5.5218920111656189e-02
990 2 206 -6.6493555903434753e-02
991 2 207 6.9387163966894150e-04
992 2 208 2.0608393475413322e-02
993 2 209 -8.1194387748837471e-03
994 2 210 -2.1411746274679899e-03
995 2 211 4.6707157045602798e-02
996 2 212 7.4995569884777069e-03
997 2 213 -4.7784477472305298e-02
998 2 214 5.2772421389818192e-02
999 2 215 2.3593094199895859e-02
1000 2 216 1.0283883661031723e-02
1001 2 217 3.5695668775588274e-03
1002 2 218 -4.9532297998666763e-02
1003 2 219 4.0663111954927444e-02
1004 2 220 -1.7476467415690422e-02
1005 2 221 5.3318079560995102e-02
1006 2 222 4.4359751045703888e-02
1007 2 223 9.7851194441318512e-02
1008 2 224 -6.8003147840499878e-02
1009 2 225 1.5216634608805180e-02
1010 2 226 -1.4290759339928627e-02
1011 2 227 -6.3901998102664948e-02
1012 2 228 -1.7887162044644356e-02
1013 2 229 -1.4785410463809967e-01
1014 2 230 -4.2458917945623398e-02
1015 2 231 2.9433889314532280e-02
1016 2 232 4.3484903872013092e-02
1017 2 233 -1.8283668905496597e-02
1018 2 234 3.1839709728956223e-02
1019 2 235 -3.1660042703151703e-02
1020 2 236 -7.9488761723041534e-02
1021 2 237 -2.0247271284461021e-02
1022 2 238 4.7157704830169678e-03
1023 2 239 -1.8623132258653641e-02
1024 2 240 1.0913106799125671e-01
1025 2 241 -1.4313009567558765e-02
1026 2 242 -6.7515969276428223e-03
1027 2 243 4.9221079796552658e-02
1028 2 244 4.6240836381912231e-02
1029 2 245 -4.2096204124391079e-03
1030 2 246 4.6644363552331924e-02
1031 2 247 1.0122443782165647e-03
1032 2 248 -7.6016546227037907e-03
1033 2 249 5.8406051248311996e-02
1034 2 250 1.0117945075035095e-01
1035 2 251 3.1330887228250504e-02
1036 2 252 -5.4456707090139389e-02
1037 2 253 6.2151759862899780e-02
1038 2 254 1.3055618107318878e-01
1039 2 255 -2.7345081791281700e-02
1040 2 256 -4.5953214168548584e-02
1041 3 1 -5.2118018269538879e-02
1042 3 2 5.3228043019771576e-02
1043 3 3 -2.6726694777607918e-02
1044 3 4 5.3558345884084702e-02
1045 3 5 3.4026331268250942e-03
1046 3 6 8.6113465949892998e-03
1047 3 7 -4.1161436587572098e-02
1048 3 8 2.4192281067371368e-02
1049 3 9 4.8160690814256668e-02
1050 3 10 7.9486340284347534e-02
1051 3 11 8.8309042155742645e-02
1052 3 12 2.9831025749444962e-02
1053 3 13 -2.3824838921427727e-02
1054 3 14 -2.5991586968302727e-02
1055 3 15 6.5276953391730785e-03
1056 3 16 -3.9199918508529663e-02
1057 3 17 2.8207305818796158e-02
1058 3 18 9.0652026236057281e-02
1059 3 19 5.4872240871191025e-02
1060 3 20 -1.5982665121555328e-02
1061 3 21 -1.9188584759831429e-02
1062 3 22 -9.1513685882091522e-02
1063 3 23 7.6209224760532379e-02
1064 3 24 6.9808118045330048e-02
1065 3 25 8.5310533642768860e-02
1066 3 26 -1.7796110361814499e-02
1067 3 27 -1.8282160162925720e-02
1068 3 28 -3.2572235912084579e-02
1069 3 29 8.4786310791969299e-02
1070 3 30 5.8298047631978989e-02
1071 3 31 2.2113863378763199e-02
1072 3 32 1.0919202864170074e-01
1073 3 33 -6.1571963131427765e-02
1074 3 34 -2.6500612497329712e-02
1075 3 35 3.3265810459852219e-02
1076 3 36 -2.2385776042938232e-02
1077 3 37 -4.3200157582759857e-02
1078 3 38 1.8726056441664696e-03
1079 3 39 2.9388250783085823e-02
1080 3 40 1.8729446455836296e-02
1081 3 41 -2.8292043134570122e-02
1082 3 42 7.3317073285579681e-02
1083 3 43 1.8599623814225197e-02
1084 3 44 -1.2080371379852295e-03
1085 3 45 9.9486023187637329e-02
1086 3 46 -3.1001837924122810e-02
1087 3 47 8.0677345395088196e-02
1088 3 48 2.2352090105414391e-02
1089 3 49 5.5963620543479919e-02
1090 3 50 -5.7891976088285446e-02
1091 3 51 4.0688514709472656e-02
1092 3 52 8.9872457087039948e-02
1093 3 53 5.8514181524515152e-02
1094 3 54 8.4309145808219910e-02
1095 3 55 1.2947624782100320e-03
1096 3 56 4.9091972410678864e-02
1097 3 57 -7.1622352115809917e-03
1098 3 58 -4.6688346192240715e-03
1099 3 59 -2.6309385895729065e-02
1100 3 60 3.6517642438411713e-02
1101 3 61 -3.7175398319959641e-02
1102 3 62 -2.0078592002391815e-02
1103 3 63 4.0382131934165955e-02
1104 3 64 -6.1609856784343719e-02
1105 3 65 2.3375596851110458e-02
1106 3 66 -2.0477112382650375e-02
1107 3 67 9.6197091042995453e-02
1108 3 68 -7.4011728167533875e-02
1109 3 69 5.5017475038766861e-02
1110 3 70 6.3606895506381989e-02
1111 3 71 6.3362926244735718e-02
1112 3 72 -5.1115225069224834e-03
1113 3 73 7.2950758039951324e-02
1114 3 74 -4.2618721723556519e-02
1115 3 75 -4.6590371057391167e-03
1116 3 76 4.6571433544158936e-02
1117 3 77 -5.7824784889817238e-03
1118 3 78 5.8343600481748581e-02
1119 3 79 1.4614772051572800e-02
1120 3 80 9.4623416662216187e-02
1121 3 81 2.0797869656234980e-03
1122 3 82 8.1314042210578918e-02
1123 3 83 4.4433474540710449e-02
1124 3 84 -4.7038514167070389e-02
1125 3 85 5.2471499890089035e-02
1126 3 86 -3.5095795989036560e-02
1127 3 87 -4.5716460794210434e-02
1128 3 88 3.9506454020738602e-02
1129 3 89 1.1834992468357086e-01
1130 3 90 8.6794063448905945e-02
1131 3 91 -2.2679071873426437e-02
1132 3 92 -1.4963852241635323e-02
1133 3 93 4.5853283256292343e-02
1134 3 94 3.4865625202655792e-02
1135 3 95 5.9857692569494247e-02
1136 3 96 -4.1217990219593048e-02
1137 3 97 5.0972715020179749e-02
1138 3 98 -3.4356787800788879e-02
1139 3 99 -1.1521453969180584e-02
1140 3 100 6.2640748918056488e-02
1141 3 101 -5.8249486610293388e-03
1142 3 102 2.8095901012420654e-02
1143 3 103 6.3468255102634430e-02
1144 3 104 -1.7445271834731102e-02
1145 3 105 -1.5810275217518210e-03
1146 3 106 3.8246478885412216e-02
1147 3 107 1.0990185663104057e-02
1148 3 108 6.5766997635364532e-02
1149 3 109 2.6392998173832893e-02
1150 3 110 -5.0319749861955643e-02
1151 3 111 7.0484049618244171e-02
1152 3 112 -3.4891534596681595e-02
1153 3 113 1.9903011620044708e-02
1154 3 114 7.6046824455261230e-02
1155 3 115 3.9800461381673813e-03
1156 3 116 7.9836122691631317e-02
1157 3 117 -4.3211285024881363e-02
1158 3 118 8.5475340485572815e-02
1159 3 119 -5.2179042249917984e-02
1160 3 120 -3.2852638512849808e-02
1161 3 121 -1.4280742034316063e-02
1162 3 122 3.6678727716207504e-02
1163 3 123 -2.5955012533813715e-03
1164 3 124 4.3626554543152452e-04
1165 3 125 -6.5248243510723114e-02
1166 3 126 3.2620333135128021e-02
1167 3 127 9.6990212798118591e-02
1168 3 128 6.5180830657482147e-02
1169 3 129 -5.4242044687271118e-02
1170 3 130 6.1365385772660375e-04
1171 3 131 5.2639551460742950e-02
1172 3 132 6.8246321752667427e-03
1173 3 133 3.2418716698884964e-02
1174 3 134 3.9363245014101267e-04
1175 3 135 9.8503259941935539e-03
1176 3 136 4.5104753226041794e-02
1177 3 137 2.4381702765822411e-02
1178 3 138 1.2322049587965012e-01
1179 3 139 -5.7432748377323151e-02
1180 3 140 -5.3498633205890656e-03
1181 3 141 2.5416580960154533e-02
1182 3 142 2.7894087135791779e-02
1183 3 143 3.7933275103569031e-02
1184 3 144 -1.0763730853796005e-02
1185 3 145 8.8186319917440414e-03
1186 3 146 2.0175544545054436e-02
1187 3 147 -3.7709042429924011e-02
1188 3 148 -6.4570046961307526e-02
1189 3 149 4.4749733060598373e-02
1190 3 150 -5.4884580895304680e-03
1191 3 151 -2.7460036799311638e-02
1192 3 152 -1.3734169304370880e-02
1193 3 153 3.9178717881441116e-02
1194 3 154 7.2537779808044434e-02
1195 3 155 1.0920853167772293e-01
1196 3 156 6.2436673790216446e-02
1197 3 157 -1.8707809969782829e-02
1198 3 158 3.1694617122411728e-02
1199 3 159 1.3642576523125172e-02
1200 3 160 1.4263940975070000e-02
1201 3 161 1.1715940199792385e-02
1202 3 162 4.5776341110467911e-02
1203 3 163 3.7431642413139343e-02
1204 3 164 -2.9475742951035500e-02
1205 3 165 1.0096471756696701e-02
1206 3 166 3.0096692964434624e-02
1207 3 167 -4.0008217096328735e-02
1208 3 168 4.5000743120908737e-02
1209 3 169 1.6243986785411835e-02
1210 3 170 6.4156517386436462e-02
1211 3 171 1.1451074853539467e-02
1212 3 172 1.2428835034370422e-01
1213 3 173 7.5662441551685333e-02
1214 3 174 8.5556292906403542e-03
1215 3 175 -3.8396403193473816e-02
1216 3 176 1.3219996355473995e-02
1217 3 177 -3.0106764286756516e-02
1218 3 178 -1.9511906430125237e-02
1219 3 179 -2.2988554090261459e-02
1220 3 180 -5.9706922620534897e-03
1221 3 181 6.2431320548057556e-02
1222 3 182 8.3043575286865234e-02
1223 3 183 3.8949616253376007e-02
1224 3 184 5.9603303670883179e-02
1225 3 185 2.1959224715828896e-02
1226 3 186 6.4506798982620239e-02
1227 3 187 2.1871468052268028e-02
1228 3 188 -4.0607787668704987e-02
1229 3 189 -3.0608298256993294e-02
1230 3 190 -5.5217139422893524e-02
1231 3 191 9.4795718789100647e-02
1232 3 192 5.9252832084894180e-02
1233 3 193 -3.3149821683764458e-03
1234 3 194 -4.0986157953739166e-02
1235 3 195 -6.9048598408699036e-02
1236 3 196 7.2778739035129547e-02
1237 3 197 5.2322141826152802e-02
1238 3 198 4.3543744832277298e-02
1239 3 199 -2.1412946283817291e-02
1240 3 200 5.7682571932673454e-03
1241 3 201 -1.6254821792244911e-02
1242 3 202 -3.6172449588775635e-02
1243 3 203 6.9921068847179413e-02
1244 3 204 1.2988204136490822e-02
1245 3 205 3.7614915519952774e-02
1246 3 206 8.7958246469497681e-02
1247 3 207 4.0297627449035645e-02
1248 3 208 7.4081294238567352e-02
1249 3 209 6.6630117595195770e-02
1250 3 210 -5.2933259867131710e-03
1251 3 211 -1.0118872858583927e-02
1252 3 212 -3.4514065831899643e-02
1253 3 213 6.1451662331819534e-02
1254 3 214 -2.6241075247526169e-02
1255 3 215 1.1751162260770798e-01
1256 3 216 6.2247291207313538e-02
1257 3 217 1.3158488087356091e-02
1258 3 218 1.4653175137937069e-02
1259 3 219 3.1471241265535355e-02
1260 3 220 -2.4900270625948906e-02
1261 3 221 3.4105028957128525e-02
1262 3 222 4.4373296201229095e-02
1263 3 223 1.2285352498292923e-01
1264 3 224 9.8884858191013336e-02
1265 3 225 4.7806142829358578e-03
1266 3 226 -4.1131373494863510e-02
1267 3 227 1.8943354487419128e-02
1268 3 228 6.8881916813552380e-03
1269 3 229 2.3040033876895905e-02
1270 3 230 4.6158898621797562e-02
1271 3 231 1.8476400524377823e-02
1272 3 232 3.4031365066766739e-02
1273 3 233 1.0956901125609875e-02
1274 3 234 2.2432478144764900e-02
1275 3 235 8.4062600508332253e-03
1276 3 236 -1.5128922648727894e-02
1277 3 237 -2.8717171400785446e-02
1278 3 238 2.5188159197568893e-02
1279 3 239 4.2558152228593826e-02
1280 3 240 1.5687186270952225e-02
1281 3 241 -2.0168092101812363e-02
1282 3 242 4.7693517059087753e-02
1283 3 243 3.9163473993539810e-02
1284 3 244 7.9929120838642120e-03
1285 3 245 9.4848364591598511e-02
1286 3 246 -2.4101328104734421e-02
1287 3 247 -2.2638405207544565e-03
1288 3 248 1.0758843272924423e-03
1289 3 249 -4.8464160412549973e-02
1290 3 250 2.9827380552887917e-02
1291 3 251 -9.2003652825951576e-03
1292 3 252 3.5047274082899094e-02
1293 3 253 -5.8078832924365997e-02
1294 3 254 1.8874680623412132e-02
1295 3 255 6.6006399691104889e-02
1296 3 256 -3.3820673823356628e-02
1297 4 1 -1.8684533238410950e-01
1298 4 2 1.5480603277683258e-01
1299 4 3 -1.6848966479301453e-02
1300 4 4 -1.3147011399269104e-01
1301 4 5 5.5462282150983810e-02
1302 4 6 2.1339158713817596e-01
1303 4 7 -1.1054578237235546e-02
1304 4 8 1.9356032833456993e-02
1305 4 9 -9.6585571765899658e-02
1306 4 10 5.9160742908716202e-02
