# global_node  layer_id  local_node  bias
785 2 1 8.5568629205226898e-02
786 2 2 -1.3010096549987793e-01
787 2 3 -5.7506732642650604e-02
788 2 4 -1.0592808574438095e-01
789 2 5 5.3240075707435608e-02
790 2 6 8.1163272261619568e-02
791 2 7 -4.2942576110363007e-02
792 2 8 6.1344716697931290e-02
793 2 9 -1.2583771347999573e-01
794 2 10 -4.9272362142801285e-02
795 2 11 -2.7338954806327820e-01
796 2 12 1.6798910219222307e-03
797 2 13 -7.8452602028846741e-02
798 2 14 4.5247796922922134e-02
799 2 15 -1.1908614076673985e-02
800 2 16 -2.6725980639457703e-01
801 2 17 1.3905499875545502e-01
802 2 18 -6.8559676408767700e-02
803 2 19 -2.8446933254599571e-02
804 2 20 -5.0471596419811249e-02
805 2 21 5.6837588548660278e-02
806 2 22 5.8570809662342072e-02
807 2 23 -1.2126586586236954e-01
808 2 24 -2.0742379128932953e-01
809 2 25 -1.0306654125452042e-01
810 2 26 1.9135099649429321e-01
811 2 27 7.0939220488071442e-02
812 2 28 4.6112619340419769e-02
813 2 29 -1.4114558696746826e-02
814 2 30 1.1168762296438217e-01
815 2 31 4.3320830911397934e-02
816 2 32 -4.0948811918497086e-02
817 2 33 -6.6606611013412476e-02
818 2 34 -5.2193492650985718e-02
819 2 35 5.0412494689226151e-02
820 2 36 -1.1596061289310455e-01
821 2 37 -7.6090119779109955e-02
822 2 38 -6.3011348247528076e-02
823 2 39 -3.2303608953952789e-02
824 2 40 7.3658853769302368e-02
825 2 41 -7.7926844358444214e-02
826 2 42 -2.3704925552010536e-02
827 2 43 -2.7133250236511230e-01
828 2 44 -4.1903987526893616e-02
829 2 45 -3.9962112903594971e-02
830 2 46 -6.7975647747516632e-02
831 2 47 1.1263971030712128e-01
832 2 48 -2.5738852098584175e-02
833 2 49 -2.4513870477676392e-02
834 2 50 -4.1048552840948105e-02
835 2 51 -6.8973407149314880e-02
836 2 52 -2.8053017333149910e-02
837 2 53 1.0758744552731514e-02
838 2 54 4.8890258185565472e-03
839 2 55 -1.3453820720314980e-02
840 2 56 -3.6370877176523209e-02
841 2 57 -2.1914887428283691e-01
842 2 58 5.6672036647796631e-02
843 2 59 -1.5923999249935150e-02
844 2 60 7.9499013721942902e-02
845 2 61 -2.3543961346149445e-01
846 2 62 -2.2468385100364685e-01
847 2 63 1.0898311622440815e-02
848 2 64 -4.6327926218509674e-02
849 2 65 -1.2575097382068634e-01
850 2 66 -2.1634038537740707e-02
851 2 67 2.8458230197429657e-02
852 2 68 9.4331212341785431e-02
853 2 69 7.6644562184810638e-02
854 2 70 -7.5723812915384769e-04
855 2 71 -2.0135761797428131e-01
856 2 72 -1.1351251043379307e-02
857 2 73 -1.2872319668531418e-02
858 2 74 7.4740918353199959e-03
859 2 75 -9.4602089375257492e-03
860 2 76 4.0282968431711197e-02
861 2 77 -3.4907337278127670e-02
862 2 78 -3.1650932505726814e-03
863 2 79 -6.3465759158134460e-02
864 2 80 -6.5588243305683136e-02
865 2 81 9.8521351814270020e-02
866 2 82 -1.7590021714568138e-02
867 2 83 4.5210979878902435e-02
868 2 84 3.0689803883433342e-02
869 2 85 -1.1127492785453796e-01
870 2 86 1.1105973273515701e-01
871 2 87 4.8650652170181274e-02
872 2 88 -4.1634224355220795e-02
873 2 89 -6.8657301366329193e-02
874 2 90 1.4889274537563324e-01
875 2 91 -1.2548467516899109e-01
876 2 92 7.1947544813156128e-02
877 2 93 8.5405468940734863e-02
878 2 94 1.0013134032487869e-01
879 2 95 -6.9522418081760406e-02
880 2 96 1.0855586081743240e-01
881 2 97 -5.2715994417667389e-02
882 2 98 6.8101115524768829e-02
883 2 99 1.5355888009071350e-01
884 2 100 -5.2095223218202591e-02
885 2 101 9.8816327750682831e-02
886 2 102 1.0116894543170929e-01
887 2 103 -1.0988441854715347e-01
888 2 104 -1.7379690706729889e-01
889 2 105 1.4566666446626186e-02
890 2 106 1.3173097372055054e-01
891 2 107 -4.1347749531269073e-02
892 2 108 -3.5747974179685116e-03
893 2 109 -1.1041147261857986e-01
894 2 110 -3.0393786728382111e-02
895 2 111 -3.8843754678964615e-02
896 2 112 6.4403623342514038e-02
897 2 113 5.6298118084669113e-02
898 2 114 -8.5098676383495331e-02
899 2 115 -5.0238411873579025e-02
900 2 116 -2.7115546166896820e-02
901 2 117 -5.7530578225851059e-02
902 2 118 -7.1982726454734802e-02
903 2 119 -4.1097644716501236e-02
904 2 120 -1.9257406890392303e-01
905 2 121 -2.5875436142086983e-02
906 2 122 1.7944787396118045e-03
907 2 123 -3.3715065568685532e-02
908 2 124 -1.0238336771726608e-01
909 2 125 1.1216504126787186e-01
910 2 126 -3.8189418613910675e-02
911 2 127 2.5451056659221649e-02
912 2 128 1.6160607337951660e-02
913 2 129 -2.2693431004881859e-02
914 2 130 6.4375847578048706e-02
915 2 131 -2.3797404021024704e-02
916 2 132 8.2229986786842346e-02
917 2 133 2.4834255874156952e-01
918 2 134 -6.5917789936065674e-02
919 2 135 -3.4928984940052032e-02
920 2 136 -3.7313047796487808e-03
921 2 137 8.7985903024673462e-02
922 2 138 -9.2233501374721527e-02
923 2 139 -1.0011070966720581e-01
924 2 140 7.6657995581626892e-02
925 2 141 1.4295193552970886e-01
926 2 142 -6.1610613018274307e-02
927 2 143 -4.3032415211200714e-02
928 2 144 -4.1892763227224350e-02
929 2 145 4.4884640723466873e-02
930 2 146 -6.1875652521848679e-02
931 2 147 2.3543041199445724e-02
932 2 148 1.4358228072524071e-02
933 2 149 -5.3997021168470383e-02
934 2 150 -8.8234767317771912e-02
935 2 151 -2.6926029473543167e-02
936 2 152 -1.6837298870086670e-01
937 2 153 1.3902209699153900e-01
938 2 154 -1.0593695193529129e-01
939 2 155 -1.0324447602033615e-01
940 2 156 -1.3689966499805450e-01
941 2 157 1.0431548207998276e-01
942 2 158 2.7511214837431908e-02
943 2 159 -8.7399445474147797e-02
944 2 160 -1.1418741196393967e-01
945 2 161 -9.7474612295627594e-02
946 2 162 9.8171427845954895e-02
947 2 163 7.5408570468425751e-02
948 2 164 1.5586315095424652e-01
949 2 165 -5.7878132909536362e-02
950 2 166 -7.3881611227989197e-02
951 2 167 -3.6007296293973923e-02
952 2 168 5.9755828231573105e-02
953 2 169 -1.7186415195465088e-01
954 2 170 2.2824700921773911e-02
955 2 171 3.3305070828646421e-03
956 2 172 -1.0176227986812592e-01
957 2 173 -2.8891578316688538e-01
958 2 174 2.9346827417612076e-02
959 2 175 5.4499972611665726e-02
960 2 176 -5.9241134673357010e-02
961 2 177 1.8999183550477028e-02
962 2 178 -7.7740088105201721e-02
963 2 179 -1.4854139089584351e-01
964 2 180 5.7978294789791107e-03
965 2 181 6.8044634535908699e-03
966 2 182 6.9058269262313843e-02
967 2 183 -4.0355145931243896e-02
968 2 184 6.8991072475910187e-02
969 2 185 -2.2604070603847504e-01
970 2 186 -8.1558898091316223e-03
971 2 187 2.4236464872956276e-02
972 2 188 -4.9796324223279953e-02
973 2 189 -1.6702465713024139e-02
974 2 190 4.8165980726480484e-02
975 2 191 9.0982593595981598e-02
976 2 192 -2.3252783715724945e-01
977 2 193 -3.1591344624757767e-02
978 2 194 1.2522542476654053e-01
979 2 195 1.5372046828269958e-01
980 2 196 -1.1714997887611389e-01
981 2 197 -3.3586246427148581e-03
982 2 198 -1.0702504217624664e-01
983 2 199 -3.0302928760647774e-02
984 2 200 2.2646408528089523e-02
985 2 201 -8.0562658607959747e-02
986 2 202 -6.9542340934276581e-02
987 2 203 -6.8780831992626190e-02
988 2 204 3.6853343248367310e-02
989 2 205 -1.0389336198568344e-01
990 2 206 -2.1888322662562132e-03
991 2 207 -1.7553378641605377e-01
992 2 208 -1.6707880422472954e-02
993 2 209 9.4523336738348007e-03
994 2 210 -1.9077775999903679e-02
995 2 211 1.0620295070111752e-02
996 2 212 -1.1251998692750931e-01
997 2 213 1.1579371988773346e-02
998 2 214 -1.5608066320419312e-01
999 2 215 2.0552767813205719e-01
1000 2 216 4.7221265733242035e-02
1001 2 217 -9.6967808902263641e-02
1002 2 218 1.0582716017961502e-01
1003 2 219 -1.7382128536701202e-01
1004 2 220 2.1843504905700684e-01
1005 2 221 7.7331244945526123e-02
1006 2 222 -1.3129913806915283e-01
1007 2 223 2.9626989271491766e-03
1008 2 224 -1.7582421004772186e-01
1009 2 225 5.8947922661900520e-03
1010 2 226 -6.6107928752899170e-02
1011 2 227 -8.1513598561286926e-02
1012 2 228 -1.2280005216598511e-01
1013 2 229 -1.2808680534362793e-02
1014 2 230 -2.5575903058052063e-01
1015 2 231 8.5830748081207275e-02
1016 2 232 4.6128194779157639e-02
1017 2 233 -1.6405081376433372e-02
1018 2 234 1.7090360820293427e-01
1019 2 235 2.4817738682031631e-02
1020 2 236 -1.7527404427528381e-01
1021 2 237 -5.7013623416423798e-02
1022 2 238 -8.2605570554733276e-02
1023 2 239 -3.8988154381513596e-02
1024 2 240 -2.9702669382095337e-01
1025 2 241 -1.0844503343105316e-01
1026 2 242 -2.9841529205441475e-02
1027 2 243 4.0288858115673065e-02
1028 2 244 -5.4284594953060150e-02
1029 2 245 -5.2361637353897095e-02
1030 2 246 -7.5871251523494720e-02
1031 2 247 8.0162368714809418e-02
1032 2 248 -1.3416247069835663e-01
1033 2 249 2.4397389963269234e-02
1034 2 250 -1.6969059407711029e-01
1035 2 251 -4.9506887793540955e-02
1036 2 252 -9.7083201399073005e-04
1037 2 253 -6.1818242073059082e-02
1038 2 254 -2.9777919873595238e-02
1039 2 255 3.2220862340182066e-03
1040 2 256 6.3655070960521698e-02

1041 3 1 -4.9964955449104309e-01
1042 3 2 -1.1554320156574249e-01
1043 3 3 -6.7844659090042114e-01
1044 3 4 -4.8128807544708252e-01
1045 3 5 -6.5963947772979736e-01
1046 3 6 -3.8708427548408508e-01
1047 3 7 -1.9676516950130463e-01
1048 3 8 3.3659958839416504e-01
1049 3 9 -2.3429277539253235e-01
1050 3 10 -3.6261624097824097e-01
1051 3 11 -2.9835852980613708e-01
1052 3 12 -6.4848589897155762e-01
1053 3 13 -2.7428686618804932e-01
1054 3 14 -1.7134642601013184e-01
1055 3 15 -8.0554179847240448e-02
1056 3 16 -9.6971765160560608e-02
1057 3 17 -1.4555671811103821e-01
1058 3 18 -1.9851173460483551e-01
1059 3 19 -2.1381688117980957e-01
1060 3 20 -2.7134847640991211e-01
1061 3 21 -1.1996887624263763e-02
1062 3 22 -1.1519938707351685e-01
1063 3 23 -1.1607763916254044e-01
1064 3 24 -4.6493519097566605e-02
1065 3 25 -1.9184260070323944e-01
1066 3 26 -6.6768497228622437e-02
1067 3 27 -1.2148590385913849e-01
1068 3 28 -1.3807803392410278e-01
1069 3 29 -1.8256072700023651e-01
1070 3 30 -7.4116960167884827e-02
1071 3 31 -3.1457775831222534e-01
1072 3 32 -8.8559076189994812e-02
1073 3 33 -4.2105570435523987e-01
1074 3 34 -4.0630495548248291e-01
1075 3 35 -3.2522955536842346e-01
1076 3 36 -1.6365997493267059e-01
1077 3 37 -3.5106655955314636e-01
1078 3 38 -1.8385007977485657e-01
1079 3 39 -1.0116012394428253e-01
1080 3 40 -1.6251178085803986e-01
1081 3 41 -2.1898399293422699e-01
1082 3 42 -1.8874005973339081e-01
1083 3 43 3.3755564689636230e-01
1084 3 44 3.3418899774551392e-01
1085 3 45 -8.4016881883144379e-02
1086 3 46 -2.8244599699974060e-01
1087 3 47 -1.8444401025772095e-01
1088 3 48 -3.5765895247459412e-01
1089 3 49 -1.8563091754913330e-01
1090 3 50 -2.0761638879776001e-01
1091 3 51 -1.5309801697731018e-01
1092 3 52 -1.0881274193525314e-01
1093 3 53 -5.0843823701143265e-02
1094 3 54 -3.4057590365409851e-01
1095 3 55 -2.6117783784866333e-01
1096 3 56 -3.6033305525779724e-01
1097 3 57 -5.0451922416687012e-01
1098 3 58 4.8609348013997078e-03
1099 3 59 6.9192983210086823e-02
1100 3 60 4.4782411307096481e-02
1101 3 61 -1.8571476638317108e-01
1102 3 62 -3.5722665488719940e-02
1103 3 63 3.2761067152023315e-01
1104 3 64 1.0739407688379288e-01
1105 3 65 -1.3966958224773407e-01
1106 3 66 -1.7403531819581985e-02
1107 3 67 -2.8686976432800293e-01
1108 3 68 -3.9500493556261063e-02
1109 3 69 -3.2671618461608887e-01
1110 3 70 -3.8294503092765808e-01
1111 3 71 4.3286600708961487e-01
1112 3 72 4.7756943106651306e-01
1113 3 73 5.7932253926992416e-02
1114 3 74 -2.2297844290733337e-01
1115 3 75 2.5003549456596375e-01
1116 3 76 -8.9992165565490723e-02
1117 3 77 -1.8786830827593803e-02
1118 3 78 -1.2681469321250916e-01
1119 3 79 -1.0651414096355438e-01
1120 3 80 -1.6723832488059998e-01
1121 3 81 -6.4435176551342010e-02
1122 3 82 3.9515802264213562e-01
1123 3 83 -1.5052935481071472e-01
1124 3 84 -5.4672884941101074e-01
1125 3 85 -2.4676686525344849e-01
1126 3 86 -5.9327173233032227e-01
1127 3 87 -6.8080455064773560e-01
1128 3 88 -1.1581165343523026e-01
1129 3 89 6.2914758920669556e-01
1130 3 90 -2.2667384147644043e-01
1131 3 91 1.2575360946357250e-02
1132 3 92 4.7570951282978058e-02
1133 3 93 -1.3348466716706753e-02
1134 3 94 -2.2544696927070618e-01
1135 3 95 -3.8541413843631744e-02
1136 3 96 2.2140502929687500e-01
1137 3 97 5.2335631102323532e-02
1138 3 98 -3.5477304458618164e-01
1139 3 99 -1.6265428066253662e-01
1140 3 100 -2.4621316790580750e-01
1141 3 101 -3.1736040115356445e-01
1142 3 102 4.3600171804428101e-02
1143 3 103 3.0108861625194550e-02
1144 3 104 -2.0847342908382416e-01
1145 3 105 -3.3078469336032867e-02
1146 3 106 -1.7691898345947266e-01
1147 3 107 -3.8643312454223633e-01
1148 3 108 -1.2260077893733978e-01
1149 3 109 -1.1666471138596535e-02
1150 3 110 -9.0450137853622437e-02
1151 3 111 -4.3199372291564941e-01
1152 3 112 -6.5648072957992554e-01
1153 3 113 -4.2496970295906067e-01
1154 3 114 -4.0705725550651550e-01
1155 3 115 -5.5007559061050415e-01
1156 3 116 -2.9429483413696289e-01
1157 3 117 1.3757213950157166e-01
1158 3 118 -4.8581969738006592e-01
1159 3 119 -1.4170518517494202e-01
1160 3 120 -1.0730775445699692e-01
1161 3 121 -1.2111014872789383e-01
1162 3 122 -8.9766718447208405e-02
1163 3 123 -2.4816656112670898e-01
1164 3 124 -1.4487963169813156e-02
1165 3 125 -9.9931284785270691e-02
1166 3 126 -1.1816447973251343e-01
1167 3 127 3.1483866274356842e-02
1168 3 128 -2.3150005936622620e-01
1169 3 129 -9.5752790570259094e-02
1170 3 130 -3.0597540736198425e-01
1171 3 131 -3.9829581975936890e-01
1172 3 132 -2.9436770081520081e-01
1173 3 133 9.2941507697105408e-02
1174 3 134 -1.0907486081123352e-01
1175 3 135 -3.8202250003814697e-01
1176 3 136 1.3126708567142487e-01
1177 3 137 -4.5551713556051254e-03
1178 3 138 -3.8794044405221939e-02
1179 3 139 -1.9783508777618408e-01
1180 3 140 3.7449572235345840e-02
1181 3 141 -5.8984477072954178e-02
1182 3 142 -4.4457450509071350e-01
1183 3 143 1.1539443582296371e-01
1184 3 144 1.2609815597534180e-01
1185 3 145 -2.4681700393557549e-02
1186 3 146 -2.9129299521446228e-01
1187 3 147 -1.9525347650051117e-01
1188 3 148 -2.8307512402534485e-01
1189 3 149 -7.4637115001678467e-02
1190 3 150 -2.9014235734939575e-01
1191 3 151 -8.9294478297233582e-02
1192 3 152 -1.4583949744701385e-01
1193 3 153 9.2741020023822784e-02
1194 3 154 -4.7250553965568542e-01
1195 3 155 2.6238465309143066e-01
1196 3 156 -1.1623335629701614e-01
1197 3 157 4.5417724177241325e-03
1198 3 158 3.8607499003410339e-01
1199 3 159 -2.1595524251461029e-01
1200 3 160 2.4521712213754654e-02
1201 3 161 5.4306790232658386e-02
1202 3 162 -1.9576398655772209e-02
1203 3 163 -4.8643270134925842e-01
1204 3 164 -1.4673164486885071e-01
1205 3 165 -6.1223429441452026e-01
1206 3 166 -1.4424535632133484e-01
1207 3 167 -1.7913945019245148e-01
1208 3 168 -1.7892527580261230e-01
1209 3 169 -2.7091217041015625e-01
1210 3 170 -1.9133974611759186e-01
1211 3 171 -2.3382139205932617e-01
1212 3 172 -3.7029308080673218e-01
1213 3 173 -2.5769087672233582e-01
1214 3 174 -2.0409514009952545e-01
1215 3 175 -2.4838650226593018e-01
1216 3 176 -7.5692422688007355e-02
1217 3 177 -1.3597576320171356e-01
1218 3 178 2.0229458808898926e-02
1219 3 179 -2.0928373932838440e-01
1220 3 180 -2.3907764256000519e-01
1221 3 181 -2.2433437407016754e-01
1222 3 182 -3.2200086116790771e-01
1223 3 183 -3.2253664731979370e-01
1224 3 184 8.5602238774299622e-02
1225 3 185 -3.2689616084098816e-02
1226 3 186 -4.1332933306694031e-01
1227 3 187 -3.6280822753906250e-01
1228 3 188 -6.1947867274284363e-02
1229 3 189 -6.0890940949320793e-03
1230 3 190 2.7668637037277222e-01
1231 3 191 1.9906750321388245e-01
1232 3 192 1.8433441221714020e-01
1233 3 193 -1.1210215091705322e-01
1234 3 194 -2.9377159476280212e-01
1235 3 195 -7.2962713241577148e-01
1236 3 196 -2.1086058113723993e-03
1237 3 197 -2.1923285722732544e-01
1238 3 198 1.1528865247964859e-01
1239 3 199 -1.2471752613782883e-01
1240 3 200 -1.2964986264705658e-01
1241 3 201 -3.4800183773040771e-01
1242 3 202 -2.4416482448577881e-01
1243 3 203 -6.5940596163272858e-02
1244 3 204 -2.6796555146574974e-02
1245 3 205 -2.2528538107872009e-01
1246 3 206 -2.1524067223072052e-01
1247 3 207 -4.0086981654167175e-01
1248 3 208 -3.6348262429237366e-01
1249 3 209 -4.5063877105712891e-01
1250 3 210 -5.3423494100570679e-02
1251 3 211 -4.0615853667259216e-01
1252 3 212 -2.7625530958175659e-02
1253 3 213 -1.8060958245769143e-03
1254 3 214 -2.8499037027359009e-01
1255 3 215 -1.5866141021251678e-01
1256 3 216 -4.9253009259700775e-02
1257 3 217 -1.6292278468608856e-01
1258 3 218 -2.7209040522575378e-01
1259 3 219 -4.4521373510360718e-01
1260 3 220 7.4409440159797668e-02
1261 3 221 -1.8891610205173492e-02
1262 3 222 -2.2807635366916656e-01
1263 3 223 -5.2415657043457031e-01
1264 3 224 1.0685384273529053e-01
1265 3 225 -3.1221991777420044e-01
1266 3 226 -2.6359829306602478e-01
1267 3 227 -2.3298363387584686e-01
1268 3 228 -2.8182491660118103e-01
1269 3 229 -1.8869772553443909e-02
1270 3 230 -6.5318308770656586e-02
1271 3 231 -2.0032508671283722e-01
1272 3 232 -3.0519387125968933e-01
1273 3 233 -4.3874666094779968e-01
1274 3 234 2.1020909771323204e-02
1275 3 235 -6.3242673873901367e-01
1276 3 236 -5.1435297727584839e-01
1277 3 237 -1.2373445928096771e-01
1278 3 238 -2.0543491840362549e-01
1279 3 239 -7.8873968124389648e-01
1280 3 240 8.3513287827372551e-03
1281 3 241 4.5136442780494690e-01
1282 3 242 -5.4869920015335083e-01
1283 3 243 -5.6889243423938751e-02
1284 3 244 -1.7118842899799347e-01
1285 3 245 -2.2230125963687897e-01
1286 3 246 -2.5550581514835358e-02
1287 3 247 2.1254828572273254e-01
1288 3 248 -1.9249346852302551e-01
1289 3 249 -9.8706848919391632e-02
1290 3 250 -2.4281205236911774e-01
1291 3 251 -1.7086287960410118e-02
1292 3 252 -1.8772256374359131e-01
1293 3 253 -3.4535819292068481e-01
1294 3 254 -5.1954400539398193e-01
1295 3 255 -6.9431912899017334e-01
1296 3 256 -8.2085199654102325e-02

1297 4 1 -1.4072220027446747e-01
1298 4 2 -1.1349515616893768e-01
1299 4 3 -3.5024914890527725e-02
1300 4 4 -6.3188776373863220e-02
1301 4 5 6.1372514814138412e-02
1302 4 6 6.5102152526378632e-02
1303 4 7 -1.7628286778926849e-01
1304 4 8 2.8317964076995850e-01
1305 4 9 -1.9953434169292450e-01
1306 4 10 -8.4041111171245575e-02
1307 4 11 2.9395818710327148e-02
1308 4 12 1.9752936065196991e-01
1309 4 13 1.0422898828983307e-01
1310 4 14 -1.4939831197261810e-01
1311 4 15 -9.3807429075241089e-02
1312 4 16 -1.0482260584831238e-01
1313 4 17 -2.0537468791007996e-01
1314 4 18 -2.5270869955420494e-03
1315 4 19 -2.5431841611862183e-01
1316 4 20 -1.4868086576461792e-01
1317 4 21 1.1999226361513138e-01
1318 4 22 -2.3109477013349533e-02
1319 4 23 -6.6821701824665070e-02
1320 4 24 -8.3772554993629456e-02
1321 4 25 -5.5728260427713394e-02
1322 4 26 9.9649801850318909e-03
1323 4 27 6.2799438834190369e-02
1324 4 28 4.5311346650123596e-01
1325 4 29 -6.5131999552249908e-02
1326 4 30 -2.4293170869350433e-01
1327 4 31 -8.9171707630157471e-02
1328 4 32 5.2048790454864502e-01
1329 4 33 -7.5531996786594391e-02
1330 4 34 -1.1566111445426941e-01
1331 4 35 2.5129524990916252e-02
1332 4 36 2.5624662637710571e-01
1333 4 37 -9.8958864808082581e-02
1334 4 38 -2.3034361656755209e-03
1335 4 39 -1.6735251247882843e-01
1336 4 40 -8.6863718926906586e-02
1337 4 41 -6.3304356299340725e-03
1338 4 42 -4.2662195861339569e-02
1339 4 43 9.6426345407962799e-02
1340 4 44 4.7998607158660889e-01
1341 4 45 -8.4582023322582245e-02
1342 4 46 -4.3192957527935505e-03
1343 4 47 -1.7007854580879211e-01
1344 4 48 1.5340304933488369e-02
1345 4 49 1.0340502113103867e-01
1346 4 50 -7.4022203683853149e-02
1347 4 51 -8.5964880883693695e-02
1348 4 52 -2.4660658091306686e-02
1349 4 53 -5.1764931529760361e-02
1350 4 54 -9.9186405539512634e-02
1351 4 55 1.8970064818859100e-01
1352 4 56 -1.2279102206230164e-01
1353 4 57 -1.2677717208862305e-01
1354 4 58 -5.2345007658004761e-02
1355 4 59 -9.5274820923805237e-02
1356 4 60 -4.4541176408529282e-02
1357 4 61 3.3141192048788071e-02
1358 4 62 -1.2867589294910431e-01
1359 4 63 -6.7908793687820435e-02
1360 4 64 -8.6457267403602600e-02
1361 4 65 -9.7862467169761658e-02
1362 4 66 -1.1533886194229126e-01
1363 4 67 4.9830573797225952e-01
1364 4 68 -4.8348940908908844e-02
1365 4 69 4.0884234011173248e-02
1366 4 70 -8.1379555165767670e-02
1367 4 71 1.6649380326271057e-02
1368 4 72 -4.2965155094861984e-02
1369 4 73 1.0299997031688690e-01
1370 4 74 -1.2161073833703995e-01
1371 4 75 1.3814502954483032e-01
1372 4 76 -8.5151299834251404e-02
1373 4 77 -8.9633606374263763e-02
1374 4 78 -9.1416060924530029e-02
1375 4 79 -1.6528084874153137e-01
1376 4 80 -9.2833377420902252e-02
1377 4 81 -6.3357040286064148e-02
1378 4 82 -1.3062119483947754e-01
1379 4 83 -1.5234939754009247e-01
1380 4 84 -7.6014414429664612e-02
1381 4 85 -9.5640510320663452e-02
1382 4 86 -1.5618364512920380e-01
1383 4 87 -2.9749929904937744e-01
1384 4 88 -1.2339622527360916e-01
1385 4 89 -4.8572230152785778e-03
1386 4 90 -6.8422392010688782e-02
1387 4 91 -1.1219182610511780e-01
1388 4 92 -1.3040630519390106e-01
1389 4 93 -1.1845638602972031e-01
1390 4 94 5.1871530711650848e-02
1391 4 95 -3.7564702332019806e-02
1392 4 96 -5.9914521872997284e-02
1393 4 97 -2.5602877140045166e-02
1394 4 98 -4.2960967868566513e-02
1395 4 99 -1.6393779218196869e-01
1396 4 100 6.6285945475101471e-02
1397 4 101 -1.1885557323694229e-01
1398 4 102 -1.0780226439237595e-01
1399 4 103 -5.0240643322467804e-02
1400 4 104 4.0328983217477798e-02
1401 4 105 -1.0978674143552780e-01
1402 4 106 4.8220193386077881e-01
1403 4 107 -8.6372001096606255e-03
1404 4 108 6.6903245449066162e-01
1405 4 109 -1.3132919371128082e-01
1406 4 110 1.2596748769283295e-01
1407 4 111 1.2587045133113861e-01
1408 4 112 -3.3853881061077118e-02
1409 4 113 -7.9682528972625732e-02
1410 4 114 -5.6427177041769028e-02
1411 4 115 -4.4410679489374161e-02
1412 4 116 -1.1100731045007706e-01
1413 4 117 -1.0752444714307785e-01
1414 4 118 -2.2859288752079010e-01
1415 4 119 4.8281782865524292e-01
1416 4 120 4.5272026211023331e-02
1417 4 121 -4.4683434069156647e-02
1418 4 122 3.9287123084068298e-01
1419 4 123 -1.0461085289716721e-01
1420 4 124 -6.3120655715465546e-02
1421 4 125 -7.2443231940269470e-02
1422 4 126 -1.3995866477489471e-01
1423 4 127 2.1533781290054321e-01
1424 4 128 1.7117320001125336e-01
1425 4 129 -1.6577444970607758e-01
1426 4 130 3.5249510407447815e-01
1427 4 131 -7.8411949798464775e-03
1428 4 132 -1.3759416341781616e-01
1429 4 133 -5.0965305417776108e-02
1430 4 134 -9.0002357959747314e-02
1431 4 135 -2.5300582870841026e-02
1432 4 136 -8.7597496807575226e-02
1433 4 137 -7.7519505284726620e-03
1434 4 138 5.7325121015310287e-02
1435 4 139 -3.6185141652822495e-02
1436 4 140 -9.4083799049258232e-03
1437 4 141 -1.0946632921695709e-01
1438 4 142 -5.3002357482910156e-02
1439 4 143 -2.5038844347000122e-01
1440 4 144 -1.2096433341503143e-01
1441 4 145 -6.3461378216743469e-02
1442 4 146 -5.6673154234886169e-02
1443 4 147 1.8324273824691772e-01
1444 4 148 -3.6851111799478531e-02
1445 4 149 -3.3597905188798904e-02
1446 4 150 -1.8753252923488617e-01
1447 4 151 -8.7061069905757904e-02
1448 4 152 -1.2170877307653427e-01
1449 4 153 -1.5986904501914978e-01
1450 4 154 -1.2173230946063995e-01
1451 4 155 -1.2167019769549370e-02
1452 4 156 1.7834624275565147e-02
1453 4 157 3.6235532164573669e-01
1454 4 158 2.5744935870170593e-01
1455 4 159 -8.4722256287932396e-03
1456 4 160 6.4192198216915131e-02
1457 4 161 -1.6426771879196167e-01
1458 4 162 -8.9188151061534882e-02
1459 4 163 -9.7258709371089935e-02
1460 4 164 -8.9631184935569763e-02
1461 4 165 -1.3533841073513031e-01
1462 4 166 -2.0117925107479095e-01
1463 4 167 9.3959108926355839e-04
1464 4 168 -1.3493429124355316e-01
1465 4 169 9.1963717713952065e-03
1466 4 170 -5.7327646762132645e-02
1467 4 171 -9.3423470854759216e-02
1468 4 172 -1.0534777492284775e-01
1469 4 173 -1.8356788158416748e-01
1470 4 174 -7.7903889119625092e-02
1471 4 175 3.7524721026420593e-01
1472 4 176 5.5083740502595901e-02
1473 4 177 -1.6036969423294067e-01
1474 4 178 -2.7688955888152122e-02
1475 4 179 5.4966844618320465e-02
1476 4 180 -1.2305899709463120e-01
1477 4 181 -6.5787196159362793e-02
1478 4 182 -9.9050752818584442e-02
1479 4 183 -1.1245190352201462e-01
1480 4 184 -6.5368302166461945e-02
1481 4 185 -2.5644902139902115e-02
1482 4 186 -5.3695157170295715e-02
1483 4 187 -9.6214570105075836e-02
1484 4 188 -9.2370882630348206e-02
1485 4 189 6.8429626524448395e-02
1486 4 190 -5.5727019906044006e-02
1487 4 191 6.2009226530790329e-02
1488 4 192 2.5515258312225342e-02
1489 4 193 2.8205969929695129e-01
1490 4 194 -6.6438890993595123e-02
1491 4 195 -1.4237821102142334e-01
1492 4 196 4.9118820577859879e-02
1493 4 197 -1.8547716736793518e-01
1494 4 198 -8.8149927556514740e-02
1495 4 199 4.3739374727010727e-02
1496 4 200 -5.8127120137214661e-02
1497 4 201 4.0162205696105957e-01
1498 4 202 -4.3706819415092468e-03
1499 4 203 -1.2595129013061523e-01
1500 4 204 6.6426134109497070e-01
1501 4 205 -9.7806252539157867e-02
1502 4 206 4.3560454249382019e-01
1503 4 207 8.6806844919919968e-03
1504 4 208 -5.1858171820640564e-02
1505 4 209 1.8560086190700531e-01
1506 4 210 5.0773397088050842e-02
1507 4 211 7.9934764653444290e-03
1508 4 212 1.0860081911087036e+00
1509 4 213 -3.6586262285709381e-02
1510 4 214 2.5251242518424988e-01
1511 4 215 7.7534414827823639e-02
1512 4 216 -1.1136619001626968e-01
1513 4 217 -9.1313697397708893e-02
1514 4 218 -2.7349933981895447e-01
1515 4 219 -8.4807604551315308e-02
1516 4 220 -5.4901223629713058e-02
1517 4 221 4.8292808234691620e-02
1518 4 222 -5.0741480663418770e-03
1519 4 223 -8.9846383780241013e-03
1520 4 224 1.8875494599342346e-02
1521 4 225 -3.0901856720447540e-02
1522 4 226 -6.1563428491353989e-02
1523 4 227 -1.9201997667551041e-02
1524 4 228 -8.5019819438457489e-02
1525 4 229 -2.6236781850457191e-02
1526 4 230 -9.4349205493927002e-01
1527 4 231 -1.1051776260137558e-01
1528 4 232 -5.1869194954633713e-02
1529 4 233 9.6180312335491180e-02
1530 4 234 4.3706662952899933e-02
1531 4 235 -1.0379966348409653e-01
1532 4 236 -4.9470130354166031e-02
1533 4 237 -1.8472235649824142e-02
1534 4 238 -1.7835523188114166e-01
1535 4 239 -1.0738190263509750e-01
1536 4 240 1.4193319715559483e-02
1537 4 241 -1.4263880439102650e-03
1538 4 242 -1.5845479071140289e-01
1539 4 243 -3.7413366138935089e-02
1540 4 244 -1.1712249368429184e-01
1541 4 245 -1.9794091582298279e-01
1542 4 246 -6.2977775931358337e-02
1543 4 247 -4.3427560478448868e-02
1544 4 248 -1.0270338505506516e-01
1545 4 249 -8.7037928402423859e-02
1546 4 250 2.7737340331077576e-01
1547 4 251 -2.6825276017189026e-01
1548 4 252 3.2103229314088821e-02
1549 4 253 9.2955239117145538e-02
1550 4 254 -4.2762096971273422e-02
1551 4 255 -1.2160176783800125e-01
1552 4 256 -9.5158547163009644e-02

1553 5 1 -1.7884781956672668e-01
1554 5 2 -1.3381148874759674e-01
1555 5 3 4.8213246464729309e-01
1556 5 4 -3.3854952454566956e-01
1557 5 5 -6.0249514877796173e-02
1558 5 6 -2.6981055736541748e-01
1559 5 7 -2.3937626183032990e-01
1560 5 8 -2.5367098860442638e-03
1561 5 9 -1.7157803475856781e-01
1562 5 10 2.1752782166004181e-01
1563 5 11 -2.0250473916530609e-01
1564 5 12 -8.5652649402618408e-02
1565 5 13 -2.4626792967319489e-01
1566 5 14 -7.9304009675979614e-02
1567 5 15 4.4002759456634521e-01
1568 5 16 -2.9188847541809082e-01
1569 5 17 -2.1973869204521179e-01
1570 5 18 -1.9477328658103943e-01
1571 5 19 -1.0194386355578899e-02
1572 5 20 -9.0445026755332947e-02
1573 5 21 -3.6795869469642639e-01
1574 5 22 -3.6102086305618286e-02
1575 5 23 -6.1363350600004196e-02
1576 5 24 -4.0893740952014923e-02
1577 5 25 3.6254179477691650e-01
1578 5 26 1.0458655655384064e-01
1579 5 27 -5.8969240635633469e-03
1580 5 28 -7.2462148964405060e-02
1581 5 29 -4.7639552503824234e-02
1582 5 30 -4.9651464819908142e-01
1583 5 31 -5.3833387792110443e-02
1584 5 32 -3.0623968690633774e-02
1585 5 33 -1.2385255098342896e-01
1586 5 34 -2.1251814067363739e-01
1587 5 35 -1.5382686257362366e-01
1588 5 36 -3.1573536992073059e-01
1589 5 37 6.1271440982818604e-01
1590 5 38 3.8737070560455322e-01
1591 5 39 1.0801465064287186e-01
1592 5 40 -1.2193452566862106e-01
1593 5 41 -1.1871218681335449e-01
1594 5 42 7.8659817576408386e-02
1595 5 43 -2.4227520450949669e-02
1596 5 44 5.6194826960563660e-02
1597 5 45 -1.1710094660520554e-01
1598 5 46 -2.7074236422777176e-02
1599 5 47 5.5982863903045654e-01
1600 5 48 -4.2267255485057831e-02
1601 5 49 -2.2619648277759552e-01
1602 5 50 -1.3289056718349457e-01
1603 5 51 -2.0006613805890083e-02
1604 5 52 -2.8323289752006531e-01
1605 5 53 -9.3450002372264862e-02
1606 5 54 -3.9941814541816711e-01
1607 5 55 -1.5222508460283279e-02
1608 5 56 4.7812071442604065e-01
1609 5 57 -5.5305436253547668e-02
1610 5 58 -3.5366613417863846e-02
1611 5 59 -1.0998247191309929e-02
1612 5 60 -8.3462595939636230e-02
1613 5 61 -2.6371335983276367e-01
1614 5 62 -1.8781965970993042e-01
1615 5 63 -1.7197672277688980e-03
1616 5 64 -9.6063286066055298e-02
1617 5 65 -6.3941180706024170e-02
1618 5 66 -2.6764968037605286e-01
1619 5 67 -1.1738730221986771e-01
1620 5 68 1.1032801866531372e-01
1621 5 69 1.1463483422994614e-01
1622 5 70 -3.4587374329566956e-01
1623 5 71 -8.3653256297111511e-02
1624 5 72 8.1379814073443413e-03
1625 5 73 -2.0701064169406891e-01
1626 5 74 -3.2044142484664917e-02
1627 5 75 -3.8779342174530029e-01
1628 5 76 5.6003594398498535e-01
1629 5 77 3.9530685544013977e-01
1630 5 78 -6.3704222440719604e-02
1631 5 79 -8.5633005946874619e-03
1632 5 80 2.2229616343975067e-01
1633 5 81 -1.0324060916900635e-01
1634 5 82 5.7583951950073242e-01
1635 5 83 -8.6516253650188446e-02
1636 5 84 2.0400730893015862e-02
1637 5 85 -1.0150717943906784e-01
1638 5 86 -4.9974241852760315e-01
1639 5 87 5.6641948223114014e-01
1640 5 88 -1.0257187485694885e-01
1641 5 89 -3.9094071835279465e-02
1642 5 90 -2.0208156201988459e-03
1643 5 91 1.0183595865964890e-01
1644 5 92 -1.1341946572065353e-01
1645 5 93 -7.4531342834234238e-03
1646 5 94 5.8331787586212158e-01
1647 5 95 -4.0451630949974060e-02
1648 5 96 -4.1766618378460407e-03
1649 5 97 -1.5133489668369293e-01
1650 5 98 -2.2370347380638123e-01
1651 5 99 3.5241977311670780e-03
1652 5 100 -1.5692099928855896e-02
1653 5 101 -9.6637338399887085e-02
1654 5 102 -3.2715253531932831e-02
1655 5 103 -7.0036284625530243e-02
1656 5 104 -5.2440218627452850e-02
1657 5 105 -2.5854450464248657e-01
1658 5 106 -4.8867109417915344e-01
1659 5 107 4.9872842431068420e-01
1660 5 108 6.2566441297531128e-01
1661 5 109 -2.7872088551521301e-01
1662 5 110 -1.3365498185157776e-01
1663 5 111 -2.7427783608436584e-01
1664 5 112 -5.4484248161315918e-02
1665 5 113 -4.9222961068153381e-02
1666 5 114 -1.7711414396762848e-01
1667 5 115 -1.5445376932621002e-01
1668 5 116 -5.9459302574396133e-02
1669 5 117 -7.9767666757106781e-02
1670 5 118 -7.4729239568114281e-03
1671 5 119 -7.3932759463787079e-02
1672 5 120 -3.6577174067497253e-01
1673 5 121 4.3419474363327026e-01
1674 5 122 -1.1341475695371628e-01
1675 5 123 -2.4362656474113464e-01
1676 5 124 -4.8869214951992035e-02
1677 5 125 5.1040393114089966e-01
1678 5 126 -3.8775789737701416e-01
1679 5 127 -3.4198123216629028e-01
1680 5 128 -4.2000066488981247e-02
1681 5 129 -1.0249020159244537e-01
1682 5 130 4.7314229607582092e-01
1683 5 131 -7.3006153106689453e-02
1684 5 132 -1.9704733788967133e-01
1685 5 133 -1.0099363327026367e-01
1686 5 134 -4.2461362481117249e-01
1687 5 135 -8.3285100758075714e-02
1688 5 136 4.5681774616241455e-01
1689 5 137 -1.2314567714929581e-01
1690 5 138 -8.3695806562900543e-02
1691 5 139 -3.1922437250614166e-02
1692 5 140 -1.2662664055824280e-01
1693 5 141 -7.0427127182483673e-02
1694 5 142 -3.3735450357198715e-02
1695 5 143 4.2881301045417786e-01
1696 5 144 5.4001492261886597e-01
1697 5 145 3.5013642907142639e-01
1698 5 146 -1.5239441394805908e-01
1699 5 147 -2.1103978157043457e-01
1700 5 148 -1.0469006747007370e-01
1701 5 149 9.8140105605125427e-02
1702 5 150 -1.9980603456497192e-01
1703 5 151 6.0408890247344971e-01
1704 5 152 -2.0559409260749817e-01
1705 5 153 -2.5221028923988342e-01
1706 5 154 1.7797698080539703e-01
1707 5 155 -1.5296531841158867e-02
1708 5 156 -6.8777078390121460e-01
1709 5 157 -3.0362593010067940e-02
1710 5 158 5.6216037273406982e-01
1711 5 159 -1.5590594708919525e-01
1712 5 160 -5.0081919878721237e-02
1713 5 161 -7.0152059197425842e-02
1714 5 162 -4.7827345132827759e-01
1715 5 163 -7.5072401762008667e-01
1716 5 164 -1.6807542741298676e-01
1717 5 165 -2.9896664619445801e-01
1718 5 166 -2.2320048511028290e-01
1719 5 167 -6.1576503515243530e-01
1720 5 168 -7.4036866426467896e-02
1721 5 169 -9.6222363412380219e-02
1722 5 170 -3.8508662581443787e-01
1723 5 171 -4.6045500040054321e-01
1724 5 172 -5.9178508818149567e-02
1725 5 173 -9.9261835217475891e-02
1726 5 174 -3.0391285195946693e-02
1727 5 175 -6.5722577273845673e-02
1728 5 176 -8.1702128052711487e-02
1729 5 177 -1.1104255914688110e-01
1730 5 178 -1.5602189302444458e-01
1731 5 179 -3.1864393502473831e-02
1732 5 180 -5.2121818065643311e-01
1733 5 181 -1.5338467061519623e-01
1734 5 182 2.4449026584625244e-01
1735 5 183 -8.8045097887516022e-02
1736 5 184 5.0075274705886841e-01
1737 5 185 -2.6075968146324158e-01
1738 5 186 -2.6709336042404175e-01
1739 5 187 -1.6236971318721771e-01
1740 5 188 -2.4251325428485870e-01
1741 5 189 -1.4774183928966522e-01
1742 5 190 -8.7698757648468018e-02
1743 5 191 -6.8948221206665039e-01
1744 5 192 5.1332402229309082e-01
1745 5 193 -7.8657627105712891e-02
1746 5 194 -1.3919070363044739e-01
1747 5 195 -4.3780140578746796e-02
1748 5 196 -1.5778540074825287e-01
1749 5 197 5.2955305576324463e-01
1750 5 198 2.8808817267417908e-01
1751 5 199 4.1260021924972534e-01
1752 5 200 -8.0316990613937378e-02
1753 5 201 -1.0739830881357193e-01
1754 5 202 -1.3314177095890045e-01
1755 5 203 -1.6443831846117973e-02
1756 5 204 -8.7289571762084961e-02
1757 5 205 3.1888604164123535e-01
1758 5 206 4.2325254529714584e-02
1759 5 207 -1.1268234997987747e-01
1760 5 208 -3.6339301615953445e-02
1761 5 209 -5.2485261112451553e-02
1762 5 210 -7.7342707663774490e-03
1763 5 211 -2.4378913640975952e-01
1764 5 212 -4.6713331341743469e-01
1765 5 213 -2.7358997613191605e-02
1766 5 214 -8.4948293864727020e-02
1767 5 215 9.1841667890548706e-02
1768 5 216 -5.3057529032230377e-02
1769 5 217 -1.5704229474067688e-01
1770 5 218 3.4817072749137878e-01
1771 5 219 -2.8290781378746033e-01
1772 5 220 -1.9833274185657501e-01
1773 5 221 -3.2565698027610779e-01
1774 5 222 -2.4992433190345764e-01
1775 5 223 -2.6144766807556152e-01
1776 5 224 -1.4369554817676544e-01
1777 5 225 -5.0913190841674805e-01
1778 5 226 3.1160944700241089e-01
1779 5 227 4.5586186647415161e-01
1780 5 228 -5.7029205560684204e-01
1781 5 229 -3.2837185263633728e-01
1782 5 230 -6.0960942506790161e-01
1783 5 231 -5.7753320783376694e-02
1784 5 232 -9.6669606864452362e-02
1785 5 233 -1.1294593662023544e-01
1786 5 234 -5.0142586231231689e-02
1787 5 235 -9.4228856265544891e-02
1788 5 236 5.6310689449310303e-01
1789 5 237 -7.1462027728557587e-02
1790 5 238 -1.3118562102317810e-01
1791 5 239 -2.5314448401331902e-02
1792 5 240 5.4610061645507812e-01
1793 5 241 -7.3927439749240875e-02
1794 5 242 6.1049234867095947e-01
1795 5 243 -7.6168745756149292e-02
1796 5 244 -1.2394014745950699e-01
1797 5 245 -1.4634555578231812e-01
1798 5 246 -2.4696044623851776e-01
1799 5 247 -1.6518713533878326e-01
1800 5 248 -1.3575552403926849e-01
1801 5 249 6.8977600336074829e-01
1802 5 250 -1.3881608843803406e-02
1803 5 251 -7.5425684452056885e-02
1804 5 252 -7.0705176331102848e-03
1805 5 253 -2.2502463310956955e-02
1806 5 254 -5.9379917383193970e-01
1807 5 255 -4.4078558683395386e-02
1808 5 256 -1.7835517227649689e-01

1809 6 1 1.2963019311428070e-01
1810 6 2 6.9467760622501373e-02
1811 6 3 8.2197770476341248e-02
1812 6 4 6.6088758409023285e-02
1813 6 5 9.6759386360645294e-02
1814 6 6 7.5295917689800262e-02
1815 6 7 8.9978918433189392e-02
1816 6 8 1.0335539281368256e-01
1817 6 9 8.8348999619483948e-02
1818 6 10 1.0890657454729080e-01
