# global_node  layer_id  local_node  bias
785 2 1 2.8200916945934296e-02
786 2 2 -1.3426008820533752e-01
787 2 3 1.4846405386924744e-01
788 2 4 1.9332790374755859e-01
789 2 5 -3.2794613391160965e-02
790 2 6 4.0856745094060898e-02
791 2 7 8.5997864603996277e-02
792 2 8 9.4538278877735138e-02
793 2 9 2.1449378132820129e-01
794 2 10 1.2089577317237854e-01
795 2 11 -1.7967543005943298e-01
796 2 12 7.1768954396247864e-02
797 2 13 -2.2644102573394775e-02
798 2 14 8.6536876857280731e-02
799 2 15 1.2770506739616394e-01
800 2 16 3.5993251949548721e-02
801 2 17 4.2354058474302292e-02
802 2 18 1.3103100471198559e-02
803 2 19 -5.9046849608421326e-02
804 2 20 -1.0461675375699997e-01
805 2 21 7.1027867496013641e-02
806 2 22 -1.0288246721029282e-01
807 2 23 -3.0728746205568314e-02
808 2 24 -1.4540461415890604e-04
809 2 25 -9.6474163234233856e-02
810 2 26 1.4400039613246918e-01
811 2 27 2.3763641715049744e-02
812 2 28 4.8747938126325607e-02
813 2 29 3.9972778409719467e-02
814 2 30 1.4323486946523190e-02
815 2 31 7.7248930931091309e-02
816 2 32 1.0123430192470551e-01
817 2 33 -6.0089882463216782e-02
818 2 34 -7.3338508605957031e-02
819 2 35 6.4679421484470367e-02
820 2 36 9.3391396105289459e-02
821 2 37 9.8464593291282654e-02
822 2 38 3.5519821103662252e-03
823 2 39 1.8078655004501343e-01
824 2 40 -9.4317784532904625e-03
825 2 41 4.6365678310394287e-02
826 2 42 1.0970619320869446e-01
827 2 43 4.1112475097179413e-02
828 2 44 -1.8753586709499359e-01
829 2 45 2.4829220026731491e-02
830 2 46 -6.0108754783868790e-02
831 2 47 1.2668377719819546e-02
832 2 48 -8.1013895571231842e-02
833 2 49 8.0256827175617218e-02
834 2 50 1.0245648771524429e-01
835 2 51 -8.6335673928260803e-02
836 2 52 7.1042932569980621e-02
837 2 53 8.0477751791477203e-02
838 2 54 -3.6396342329680920e-03
839 2 55 1.2268027663230896e-01
840 2 56 1.1073933541774750e-01
841 2 57 7.3914349079132080e-02
842 2 58 -6.9470857270061970e-03
843 2 59 -2.6313189417123795e-02
844 2 60 1.3003902137279510e-01
845 2 61 -7.3524955660104752e-03
846 2 62 1.3321423530578613e-01
847 2 63 -8.8816665112972260e-02
848 2 64 1.7660921439528465e-02
849 3 1 2.4630369246006012e-01
850 3 2 1.5018868260085583e-02
851 3 3 5.5808581411838531e-02
852 3 4 1.0552459210157394e-01
853 3 5 1.6823130846023560e-01
854 3 6 1.2750600278377533e-01
855 3 7 9.5977470278739929e-02
856 3 8 1.1022692918777466e-01
857 3 9 1.4995869994163513e-01
858 3 10 7.4549280107021332e-02
859 3 11 -7.3155507445335388e-02
860 3 12 1.2329459190368652e-01
861 3 13 2.0468483865261078e-01
862 3 14 8.6019277572631836e-02
863 3 15 2.5501859188079834e-01
864 3 16 3.7932868581265211e-03
865 3 17 -8.9238747954368591e-02
866 3 18 6.0081955045461655e-02
867 3 19 -5.8837383985519409e-02
868 3 20 -5.3815446794033051e-02
869 3 21 1.8403729423880577e-02
870 3 22 -1.2961095571517944e-01
871 3 23 1.5102015435695648e-01
872 3 24 -5.8648241683840752e-03
873 3 25 4.1761733591556549e-03
874 3 26 4.0379226207733154e-02
875 3 27 -1.0885101801250130e-04
876 3 28 -1.1978364735841751e-01
877 3 29 1.9995646178722382e-01
878 3 30 -3.6332275718450546e-02
879 3 31 7.8249059617519379e-02
880 3 32 3.9438441395759583e-02
881 3 33 -9.8608694970607758e-03
882 3 34 2.6793649420142174e-02
883 3 35 2.0931236445903778e-02
884 3 36 1.1258450895547867e-01
885 3 37 -8.7681859731674194e-03
886 3 38 1.5297201275825500e-01
887 3 39 1.9576746225357056e-01
888 3 40 1.8238899111747742e-01
889 3 41 -4.8099547624588013e-02
890 3 42 3.9383247494697571e-03
891 3 43 1.1733336001634598e-01
892 3 44 -6.3553594052791595e-02
893 3 45 -7.9117916524410248e-02
894 3 46 9.2363685369491577e-02
895 3 47 -1.8840238917618990e-03
896 3 48 -1.2843047082424164e-01
897 3 49 -2.4410439655184746e-02
898 3 50 1.2184636294841766e-01
899 3 51 -6.6025525331497192e-02
900 3 52 1.4257797598838806e-01
901 3 53 1.1340227723121643e-01
902 3 54 -1.0273305326700211e-01
903 3 55 1.5154992043972015e-01
904 3 56 -5.3763058036565781e-02
905 3 57 -5.1812328398227692e-02
906 3 58 6.8825989961624146e-02
907 3 59 -1.4490438625216484e-03
908 3 60 -2.4899600073695183e-02
909 3 61 1.0646289587020874e-01
910 3 62 9.5612317323684692e-02
911 3 63 1.8996544182300568e-01
912 3 64 5.2804604172706604e-02
913 4 1 -2.6207631826400757e-01
914 4 2 2.1285954117774963e-01
915 4 3 3.7715884391218424e-03
916 4 4 -6.6866494715213776e-02
917 4 5 -6.8027665838599205e-03
918 4 6 8.0604061484336853e-02
919 4 7 -3.9935983717441559e-02
920 4 8 1.2482336908578873e-01
921 4 9 -1.1134358495473862e-01
922 4 10 8.0639362335205078e-02
