# global_node  layer_id  local_node  bias
785 2 1 5.0423491746187210e-02
786 2 2 -2.0209457725286484e-02
787 2 3 1.4919283799827099e-02
788 2 4 5.6612763553857803e-02
789 2 5 8.3675999194383621e-03
790 2 6 -4.7037553042173386e-02
791 2 7 1.2461148202419281e-01
792 2 8 6.3592270016670227e-02
793 2 9 1.0595168918371201e-02
794 2 10 3.2031871378421783e-02
795 2 11 1.6332812607288361e-02
796 2 12 4.4345691800117493e-02
797 2 13 -3.4786563366651535e-02
798 2 14 -5.6352731771767139e-03
799 2 15 -2.7120362501591444e-03
800 2 16 -4.2454071342945099e-02
801 2 17 -2.5829907506704330e-02
802 2 18 5.5888652801513672e-02
803 2 19 4.1411075741052628e-02
804 2 20 -5.9767968952655792e-02
805 2 21 5.4369901772588491e-04
806 2 22 2.1526722237467766e-02
807 2 23 5.4437969811260700e-03
808 2 24 4.8347100615501404e-02
809 2 25 1.6163024306297302e-01
810 2 26 -5.5706284940242767e-02
811 2 27 4.2590942233800888e-02
812 2 28 -1.9269142299890518e-02
813 2 29 7.3775425553321838e-02
814 2 30 1.3123630546033382e-02
815 2 31 1.4379013329744339e-02
816 2 32 -2.2699445486068726e-02
817 2 33 4.4764574617147446e-02
818 2 34 -5.6046489626169205e-03
819 2 35 1.2705149129033089e-02
820 2 36 -2.5855649262666702e-02
821 2 37 1.3490338623523712e-01
822 2 38 6.1642061918973923e-02
823 2 39 -6.5801921300590038e-03
824 2 40 2.1855225786566734e-02
825 2 41 -3.4704726189374924e-02
826 2 42 -1.6657195519655943e-03
827 2 43 1.7846737056970596e-02
828 2 44 -1.3706226646900177e-01
829 2 45 9.9776484072208405e-02
830 2 46 4.5199248939752579e-02
831 2 47 3.1487647444009781e-02
832 2 48 -2.1887461189180613e-03
833 2 49 9.4415813684463501e-02
834 2 50 -3.6849860101938248e-02
835 2 51 6.3846774399280548e-02
836 2 52 8.5188247263431549e-02
837 2 53 8.9157857000827789e-02
838 2 54 -3.8756605237722397e-02
839 2 55 -5.8136377483606339e-02
840 2 56 1.2877628207206726e-02
841 2 57 -6.2319412827491760e-03
842 2 58 5.0677709281444550e-02
843 2 59 2.8024869039654732e-02
844 2 60 8.3536379039287567e-02
845 2 61 -6.3965427689254284e-03
846 2 62 -1.1916089802980423e-02
847 2 63 2.4681666865944862e-02
848 2 64 -6.5769195556640625e-02
849 2 65 -6.7364703863859177e-03
850 2 66 -7.8149428591132164e-03
851 2 67 1.2070172466337681e-02
852 2 68 -4.7310651279985905e-03
853 2 69 -1.0319971479475498e-02
854 2 70 -2.2134317085146904e-02
855 2 71 1.7479093745350838e-02
856 2 72 -9.6246516332030296e-03
857 2 73 5.5447041988372803e-02
858 2 74 -1.1587338522076607e-03
859 2 75 5.6477982550859451e-02
860 2 76 -1.4214808121323586e-02
861 2 77 4.8852078616619110e-02
862 2 78 5.3854785859584808e-02
863 2 79 2.1558830514550209e-02
864 2 80 6.8089149892330170e-02
865 2 81 3.2720656599849463e-03
866 2 82 1.0647670179605484e-01
867 2 83 -7.5953886844217777e-03
868 2 84 4.1411317884922028e-02
869 2 85 -1.1788115836679935e-02
870 2 86 1.2185591459274292e-01
871 2 87 -7.7511481940746307e-03
872 2 88 -3.7965841591358185e-02
873 2 89 -4.5532330870628357e-02
874 2 90 9.0748844668269157e-03
875 2 91 6.0182334855198860e-03
876 2 92 1.5930673107504845e-02
877 2 93 2.0107697695493698e-02
878 2 94 6.5999202430248260e-02
879 2 95 3.0732916668057442e-02
880 2 96 6.8020541220903397e-04
881 2 97 4.9614079296588898e-02
882 2 98 5.1585175096988678e-02
883 2 99 5.8721069246530533e-02
884 2 100 4.8138003796339035e-02
885 2 101 6.4877577126026154e-02
886 2 102 1.2587465345859528e-02
887 2 103 -5.1347757689654827e-03
888 2 104 -1.8853067886084318e-03
889 2 105 -1.4056975021958351e-02
890 2 106 -3.4402590245008469e-02
891 2 107 -4.8499558120965958e-02
892 2 108 4.1379358619451523e-02
893 2 109 6.2478076666593552e-02
894 2 110 8.0152370035648346e-02
895 2 111 8.0780953168869019e-02
896 2 112 3.3766176551580429e-02
897 2 113 7.5931008905172348e-03
898 2 114 2.0384982228279114e-02
899 2 115 3.0775636434555054e-02
900 2 116 8.6621800437569618e-04
901 2 117 5.8844853192567825e-02
902 2 118 2.7622835710644722e-02
903 2 119 -1.5800325199961662e-02
904 2 120 -9.6029350534081459e-03
905 2 121 3.5905130207538605e-02
906 2 122 1.7879713326692581e-02
907 2 123 -2.2828077897429466e-02
908 2 124 -1.2187525862827897e-03
909 2 125 -4.6768146567046642e-03
910 2 126 3.5872519016265869e-02
911 2 127 7.3303515091538429e-03
912 2 128 -2.0487526431679726e-02
913 2 129 6.0476873070001602e-02
914 2 130 6.5440121106803417e-03
915 2 131 -2.2033313289284706e-02
916 2 132 2.9712136834859848e-02
917 2 133 1.6961105167865753e-01
918 2 134 -8.2560880109667778e-03
919 2 135 3.0986627563834190e-02
920 2 136 -2.6179733686149120e-03
921 2 137 -3.0894353985786438e-02
922 2 138 6.5637305378913879e-02
923 2 139 -6.7397980019450188e-03
924 2 140 4.5462701469659805e-02
925 2 141 -4.9650240689516068e-02
926 2 142 3.4087587147951126e-02
927 2 143 -7.5115136802196503e-02
928 2 144 -4.4764440506696701e-02
929 2 145 -1.7863195389509201e-02
930 2 146 -3.3364329487085342e-02
931 2 147 -4.4915113598108292e-02
932 2 148 1.1009249091148376e-01
933 2 149 7.6996283605694771e-03
934 2 150 1.0586265474557877e-01
935 2 151 -2.8318999335169792e-02
936 2 152 -4.7764576971530914e-02
937 2 153 3.7188086658716202e-02
938 2 154 7.8840339556336403e-03
939 2 155 1.0754121840000153e-01
940 2 156 1.5151990950107574e-01
941 2 157 2.1409988403320312e-02
942 2 158 -4.3382965028285980e-02
943 2 159 7.9433865845203400e-02
944 2 160 -8.5765950381755829e-02
945 2 161 -5.6561209261417389e-02
946 2 162 4.9317795783281326e-02
947 2 163 1.2904989998787642e-03
948 2 164 -7.6622135937213898e-02
949 2 165 -7.0980668067932129e-02
950 2 166 1.5197575092315674e-02
951 2 167 -4.9679335206747055e-03
952 2 168 -1.7446229234337807e-02
953 2 169 -1.0457505285739899e-01
954 2 170 2.4411657825112343e-02
955 2 171 1.0793447494506836e-01
956 2 172 1.3704936951398849e-02
957 2 173 2.9550283215939999e-03
958 2 174 -1.8279017880558968e-02
959 2 175 1.7695123329758644e-02
960 2 176 3.8406535983085632e-02
961 2 177 -2.4737352505326271e-03
962 2 178 2.8950283303856850e-02
963 2 179 1.0058000683784485e-01
964 2 180 -4.4610939919948578e-02
965 2 181 -2.1207857877016068e-02
966 2 182 5.4392229765653610e-02
967 2 183 -2.3363979533314705e-02
968 2 184 -2.4255029857158661e-02
969 2 185 -5.2686333656311035e-02
970 2 186 1.0224518179893494e-01
971 2 187 -2.1629963070154190e-02
972 2 188 -1.8161492422223091e-02
973 2 189 3.7677474319934845e-02
974 2 190 -6.0429107397794724e-02
975 2 191 9.3150213360786438e-02
976 2 192 2.4852136150002480e-02
977 2 193 7.4489012360572815e-02
978 2 194 6.7748010158538818e-02
979 2 195 6.7979656159877777e-02
980 2 196 5.6401330977678299e-02
981 2 197 -2.2934533655643463e-02
982 2 198 4.1262648999691010e-02
983 2 199 -5.4328121244907379e-02
984 2 200 -8.7998006492853165e-03
985 2 201 -2.8100335039198399e-03
986 2 202 -2.1778672933578491e-02
987 2 203 -1.3776756823062897e-02
988 2 204 5.5726833641529083e-02
989 2 205 -9.8774919752031565e-04
990 2 206 6.8496786057949066e-02
991 2 207 -4.2511634528636932e-02
992 2 208 4.3651845306158066e-02
993 2 209 4.3966751545667648e-03
994 2 210 1.0724077001214027e-02
995 2 211 -2.0890796557068825e-02
996 2 212 6.6084079444408417e-02
997 2 213 1.7452731728553772e-02
998 2 214 2.3020528897177428e-04
999 2 215 9.9547177553176880e-02
1000 2 216 7.7590309083461761e-02
1001 2 217 2.0815094932913780e-02
1002 2 218 -9.4330973923206329e-02
1003 2 219 2.2568807005882263e-02
1004 2 220 -1.9484072923660278e-02
1005 2 221 -3.0127288773655891e-02
1006 2 222 -1.0530019178986549e-02
1007 2 223 1.0372878611087799e-01
1008 2 224 -3.1519398093223572e-02
1009 2 225 7.5146526098251343e-02
1010 2 226 -5.1961123943328857e-02
1011 2 227 5.6886156089603901e-03
1012 2 228 -9.4027563929557800e-02
1013 2 229 6.9313086569309235e-02
1014 2 230 -6.3526933081448078e-03
1015 2 231 9.1428637504577637e-02
1016 2 232 -5.5399511009454727e-02
1017 2 233 1.1885632760822773e-02
1018 2 234 -8.3189278841018677e-02
1019 2 235 6.0075558722019196e-02
1020 2 236 -3.7193898111581802e-02
1021 2 237 -5.8296225965023041e-02
1022 2 238 3.4952305257320404e-02
1023 2 239 -8.6587350815534592e-03
1024 2 240 1.1460831388831139e-02
1025 2 241 -4.9754545092582703e-02
1026 2 242 9.7176693379878998e-02
1027 2 243 3.4588858485221863e-02
1028 2 244 3.2227754127234221e-03
1029 2 245 -8.0600924789905548e-02
1030 2 246 -6.1602801084518433e-02
1031 2 247 4.8295032232999802e-02
1032 2 248 -2.8182767331600189e-02
1033 2 249 -2.2040380164980888e-02
1034 2 250 1.1209502816200256e-01
1035 2 251 -1.8273063469678164e-03
1036 2 252 1.6827259212732315e-02
1037 2 253 1.1292501352727413e-02
1038 2 254 9.0094627812504768e-03
1039 2 255 -1.6740659251809120e-02
1040 2 256 1.4275429770350456e-02
1041 3 1 -3.1177088618278503e-01
1042 3 2 1.6692543029785156e-01
1043 3 3 -4.3120756745338440e-02
1044 3 4 -1.3765175640583038e-01
1045 3 5 -2.1195432171225548e-02
1046 3 6 2.6302620768547058e-01
1047 3 7 -8.8753424584865570e-02
1048 3 8 1.1793814599514008e-01
1049 3 9 -4.1676554828882217e-02
1050 3 10 -5.6234125047922134e-02
