# global_node  layer_id  local_node  bias
785 2 1 2.2441331297159195e-02
786 2 2 -3.7144329398870468e-02
787 2 3 -9.2125153169035912e-03
788 2 4 9.2756859958171844e-02
789 2 5 -7.4406219646334648e-03
790 2 6 -1.2582735158503056e-02
791 2 7 4.8288863152265549e-02
792 2 8 4.9188750563189387e-04
793 2 9 7.6325722038745880e-03
794 2 10 -4.9396242946386337e-02
795 2 11 1.0434572398662567e-01
796 2 12 2.9859658330678940e-02
797 2 13 -8.5003888234496117e-03
798 2 14 -2.2656677290797234e-02
799 2 15 4.5505750924348831e-02
800 2 16 -7.3139532469213009e-03
801 2 17 2.4822354316711426e-02
802 2 18 1.6495922580361366e-02
803 2 19 4.1014164686203003e-02
804 2 20 -2.9606805182993412e-03
805 2 21 4.7673117369413376e-02
806 2 22 1.4475777745246887e-02
807 2 23 3.2330267131328583e-02
808 2 24 1.2997458688914776e-02
809 2 25 1.1450178921222687e-01
810 2 26 3.0204277485609055e-02
811 2 27 9.0868294239044189e-02
812 2 28 -2.9442985542118549e-03
813 2 29 7.1081727743148804e-02
814 2 30 1.9083788618445396e-02
815 2 31 3.9623193442821503e-03
816 2 32 5.0202619284391403e-02
817 2 33 -6.0455086641013622e-03
818 2 34 4.1333176195621490e-02
819 2 35 7.7238678932189941e-04
820 2 36 -3.6383997648954391e-02
821 2 37 7.5880560325458646e-04
822 2 38 -3.2785382121801376e-02
823 2 39 1.1929185129702091e-02
824 2 40 9.4145640730857849e-02
825 2 41 -2.5684466585516930e-02
826 2 42 -3.9409838616847992e-02
827 2 43 -8.2954438403248787e-03
828 2 44 -4.4976189732551575e-02
829 2 45 2.0653709769248962e-02
830 2 46 -2.9804125428199768e-02
831 2 47 -6.4860172569751740e-03
832 2 48 -2.8934452682733536e-02
833 2 49 1.1648072861135006e-02
834 2 50 5.1066698506474495e-03
835 2 51 -5.4075244814157486e-02
836 2 52 1.3190467655658722e-01
837 2 53 -2.3867977783083916e-02
838 2 54 6.3537962734699249e-02
839 2 55 5.7930279523134232e-02
840 2 56 -3.0808746814727783e-02
841 2 57 3.6960329860448837e-02
842 2 58 -2.6503695175051689e-02
843 2 59 -4.2796645313501358e-02
844 2 60 5.3741727024316788e-02
845 2 61 5.0342246890068054e-02
846 2 62 5.5475689470767975e-02
847 2 63 -3.5221844911575317e-02
848 2 64 4.3001495301723480e-02
849 2 65 8.9288674294948578e-02
850 2 66 -1.1433666571974754e-02
851 2 67 7.3381498456001282e-02
852 2 68 1.9438758492469788e-02
853 2 69 -1.7623745370656252e-03
854 2 70 1.1744755506515503e-01
855 2 71 -6.9853596389293671e-02
856 2 72 -1.6277372837066650e-02
857 2 73 3.3779431134462357e-02
858 2 74 -3.0885256826877594e-02
859 2 75 4.2593635618686676e-02
860 2 76 1.1054510250687599e-02
861 2 77 9.9297873675823212e-03
862 2 78 3.0235366895794868e-02
863 2 79 -4.0906881913542747e-03
864 2 80 4.7714076936244965e-02
865 2 81 2.5259142741560936e-02
866 2 82 5.2423313260078430e-02
867 2 83 3.8881756365299225e-02
868 2 84 3.2177790999412537e-02
869 2 85 -2.5252494961023331e-02
870 2 86 3.0147815123200417e-02
871 2 87 -1.0206720978021622e-01
872 2 88 -2.2537630051374435e-02
873 2 89 -3.6560449749231339e-02
874 2 90 1.7877228558063507e-02
875 2 91 3.8495045155286789e-02
876 2 92 -2.4436028674244881e-02
877 2 93 3.5482488572597504e-02
878 2 94 7.0012889802455902e-02
879 2 95 7.8886458650231361e-03
880 2 96 6.0779072344303131e-02
881 2 97 1.8593751592561603e-03
882 2 98 3.5675454884767532e-02
883 2 99 3.3593997359275818e-02
884 2 100 6.2155537307262421e-02
885 2 101 3.2833587378263474e-02
886 2 102 -8.5288723930716515e-03
887 2 103 2.6589529588818550e-02
888 2 104 -2.9623832553625107e-02
889 2 105 -9.1395433992147446e-03
890 2 106 -2.5435116142034531e-02
891 2 107 -1.4706772752106190e-02
892 2 108 5.5396188050508499e-02
893 2 109 5.8187387883663177e-02
894 2 110 -1.3964779675006866e-02
895 2 111 -9.4950635684654117e-04
896 2 112 3.2917056232690811e-02
897 2 113 -8.0407150089740753e-03
898 2 114 -5.0265979953110218e-03
899 2 115 -3.9844613522291183e-02
900 2 116 5.8954637497663498e-02
901 2 117 4.6298682689666748e-02
902 2 118 -6.4009088091552258e-03
903 2 119 -2.1969713270664215e-02
904 2 120 -1.6262155026197433e-02
905 2 121 1.6452543437480927e-02
906 2 122 -5.4719881154596806e-03
907 2 123 -1.9877156242728233e-02
908 2 124 -1.2723678722977638e-02
909 2 125 -3.4430492669343948e-03
910 2 126 8.2890121266245842e-03
911 2 127 7.8942760825157166e-02
912 2 128 3.6148186773061752e-02
913 2 129 3.5135772079229355e-02
914 2 130 2.6664985343813896e-02
915 2 131 -4.3545380234718323e-02
916 2 132 -2.8178151696920395e-02
917 2 133 -8.0864638090133667e-02
918 2 134 6.9374382495880127e-02
919 2 135 4.0613122284412384e-02
920 2 136 4.4067796319723129e-02
921 2 137 4.3581943958997726e-02
922 2 138 4.6121466904878616e-02
923 2 139 6.7300461232662201e-02
924 2 140 -5.8985956013202667e-02
925 2 141 -2.7088290080428123e-02
926 2 142 -9.4021260738372803e-03
927 2 143 -9.0263657271862030e-02
928 2 144 8.8164284825325012e-03
929 2 145 4.4090081006288528e-02
930 2 146 -2.9555903747677803e-02
931 2 147 9.3688154593110085e-03
932 2 148 -1.1972834356129169e-02
933 2 149 8.7856970727443695e-02
934 2 150 6.8900614976882935e-02
935 2 151 1.0654064267873764e-01
936 2 152 -3.0834717676043510e-02
937 2 153 2.0254593342542648e-02
938 2 154 9.0732932090759277e-02
939 2 155 1.0237137228250504e-01
940 2 156 1.1582005769014359e-02
941 2 157 -2.3367568850517273e-02
942 2 158 -8.5754059255123138e-02
943 2 159 7.2730436921119690e-02
944 2 160 3.6183372139930725e-02
945 2 161 -2.9471298679709435e-02
946 2 162 7.7242357656359673e-03
947 2 163 -1.6985466703772545e-02
948 2 164 2.9851699247956276e-02
949 2 165 3.3577736467123032e-02
950 2 166 6.5225608646869659e-02
951 2 167 1.0157048702239990e-01
952 2 168 -2.3101644590497017e-02
953 2 169 -9.1764293611049652e-02
954 2 170 1.5671223402023315e-02
955 2 171 8.6614852771162987e-03
956 2 172 9.0755149722099304e-02
957 2 173 5.6895099580287933e-02
958 2 174 -1.7020404338836670e-02
959 2 175 -4.7466671094298363e-03
960 2 176 1.3606103311758488e-04
961 2 177 9.8641058430075645e-03
962 2 178 -1.7419148236513138e-02
963 2 179 1.5099045820534229e-02
964 2 180 -1.6043407842516899e-02
965 2 181 4.6241972595453262e-02
966 2 182 1.1441471427679062e-01
967 2 183 8.6524500511586666e-04
968 2 184 1.7151564359664917e-02
969 2 185 4.0409199893474579e-02
970 2 186 5.1257994025945663e-02
971 2 187 6.0185205191373825e-02
972 2 188 9.2432506382465363e-02
973 2 189 3.5097394138574600e-03
974 2 190 -3.0508130788803101e-02
975 2 191 9.0870685875415802e-02
976 2 192 2.0652044564485550e-02
977 2 193 -8.6956927552819252e-03
978 2 194 -6.8579991348087788e-03
979 2 195 7.3150686919689178e-02
980 2 196 -3.8414131850004196e-02
981 2 197 -2.0041681826114655e-02
982 2 198 -4.5776136219501495e-02
983 2 199 -7.1528991684317589e-03
984 2 200 2.9249239712953568e-02
985 2 201 -8.1959813833236694e-03
986 2 202 -3.1085146591067314e-02
987 2 203 -1.8026618286967278e-02
988 2 204 -1.4905664138495922e-02
989 2 205 7.5460453517735004e-03
990 2 206 3.8246888667345047e-02
991 2 207 3.7568196654319763e-02
992 2 208 2.5664340704679489e-02
993 2 209 -7.6245405944064260e-04
994 2 210 9.3255661427974701e-02
995 2 211 2.4914825335144997e-02
996 2 212 4.3408077210187912e-02
997 2 213 -7.2855070233345032e-02
998 2 214 -3.7601705640554428e-02
999 2 215 -6.6742338240146637e-02
1000 2 216 3.7657290697097778e-02
1001 2 217 -4.5466799288988113e-02
1002 2 218 1.4285542070865631e-02
1003 2 219 -2.9799230396747589e-02
1004 2 220 1.3854290591552854e-03
1005 2 221 -2.9731832444667816e-02
1006 2 222 6.4943589270114899e-02
1007 2 223 -3.8792643696069717e-02
1008 2 224 -3.7962283939123154e-02
1009 2 225 -2.2998936474323273e-02
1010 2 226 -3.4091480076313019e-02
1011 2 227 4.2443159036338329e-03
1012 2 228 -1.0416834801435471e-01
1013 2 229 2.3760255426168442e-03
1014 2 230 -3.2602466642856598e-02
1015 2 231 5.7559847831726074e-02
1016 2 232 6.3447318971157074e-02
1017 2 233 4.3322127312421799e-02
1018 2 234 -2.2015159949660301e-02
1019 2 235 8.4431938827037811e-02
1020 2 236 -3.8358312100172043e-02
1021 2 237 -5.3445238620042801e-02
1022 2 238 -3.5376164596527815e-03
1023 2 239 -3.0993798747658730e-02
1024 2 240 -6.3709482550621033e-02
1025 2 241 1.6213264316320419e-02
1026 2 242 9.1090314090251923e-02
1027 2 243 3.4884277731180191e-02
1028 2 244 6.0191720724105835e-02
1029 2 245 -1.7009573057293892e-02
1030 2 246 -8.7679531425237656e-03
1031 2 247 -9.6642542630434036e-03
1032 2 248 -1.0000351816415787e-02
1033 2 249 -1.4264849014580250e-02
1034 2 250 -3.7173575256019831e-03
1035 2 251 7.7176481485366821e-02
1036 2 252 -3.2483022660017014e-02
1037 2 253 4.4991306960582733e-02
1038 2 254 -1.7411777749657631e-02
1039 2 255 -1.5282800421118736e-02
1040 2 256 1.0335079394280910e-02
1041 3 1 -2.2702710703015327e-02
1042 3 2 7.1052111685276031e-02
1043 3 3 -1.4870281331241131e-02
1044 3 4 5.6389171630144119e-02
1045 3 5 7.5416150502860546e-03
1046 3 6 4.8948399722576141e-02
1047 3 7 1.3515158556401730e-02
1048 3 8 5.2873557433485985e-04
1049 3 9 6.8226739764213562e-02
1050 3 10 5.4429218173027039e-02
1051 3 11 7.9974032938480377e-02
1052 3 12 -2.2622274234890938e-02
1053 3 13 1.5100699383765459e-03
1054 3 14 5.7199012488126755e-02
1055 3 15 7.5886957347393036e-02
1056 3 16 -4.2755931615829468e-02
1057 3 17 2.5190886110067368e-02
1058 3 18 1.0236447304487228e-01
1059 3 19 5.9288643300533295e-02
1060 3 20 -3.1279582530260086e-02
1061 3 21 -5.2662186324596405e-02
1062 3 22 -2.2373821586370468e-02
1063 3 23 -1.2917848071083426e-03
1064 3 24 3.6556688137352467e-03
1065 3 25 6.3825808465480804e-02
1066 3 26 -7.2013200260698795e-03
1067 3 27 7.4823670089244843e-02
1068 3 28 -3.3977147191762924e-02
1069 3 29 -3.5811625421047211e-02
1070 3 30 5.2773509174585342e-02
1071 3 31 4.6294193714857101e-02
1072 3 32 1.1955307796597481e-02
1073 3 33 -3.0356273055076599e-02
1074 3 34 2.0186154171824455e-02
1075 3 35 6.2909841537475586e-02
1076 3 36 -3.0985441058874130e-02
1077 3 37 -5.2871510386466980e-02
1078 3 38 4.1665971279144287e-02
1079 3 39 4.4111419469118118e-02
1080 3 40 5.1971852779388428e-02
1081 3 41 -9.7291236743330956e-03
1082 3 42 -5.7697448879480362e-02
1083 3 43 5.3529255092144012e-03
1084 3 44 -3.0846690759062767e-02
1085 3 45 -5.0111148506402969e-02
1086 3 46 8.1077739596366882e-02
1087 3 47 5.5220585316419601e-02
1088 3 48 1.5781152993440628e-02
1089 3 49 3.4930095076560974e-02
1090 3 50 1.6253706812858582e-01
1091 3 51 -1.5696063637733459e-02
1092 3 52 -8.8371355086565018e-03
1093 3 53 8.5413567721843719e-02
1094 3 54 3.7518981844186783e-03
1095 3 55 -5.2982129156589508e-02
1096 3 56 -3.7569601554423571e-03
1097 3 57 3.5183127969503403e-02
1098 3 58 -1.3224944472312927e-02
1099 3 59 -5.8918099850416183e-02
1100 3 60 4.0294121950864792e-02
1101 3 61 8.4079466760158539e-02
1102 3 62 9.9953450262546539e-02
1103 3 63 5.9848040342330933e-02
1104 3 64 6.3003748655319214e-02
1105 3 65 -2.1038254722952843e-02
1106 3 66 -1.6469156369566917e-02
1107 3 67 5.3512662649154663e-02
1108 3 68 1.2481170706450939e-02
1109 3 69 2.2188832983374596e-02
1110 3 70 -7.0505198091268539e-03
1111 3 71 -3.7272814661264420e-02
1112 3 72 7.8453481197357178e-02
1113 3 73 -4.9010440707206726e-02
1114 3 74 3.7379570305347443e-02
1115 3 75 -4.3014124967157841e-03
1116 3 76 5.8913577347993851e-02
1117 3 77 7.2940173558890820e-03
1118 3 78 6.1851967126131058e-02
1119 3 79 4.2450301349163055e-02
1120 3 80 6.3134722411632538e-02
1121 3 81 6.0226716101169586e-02
1122 3 82 -2.6242880150675774e-02
1123 3 83 -2.5066191330552101e-02
1124 3 84 8.5614427924156189e-02
1125 3 85 2.2828783839941025e-02
1126 3 86 7.7154659666121006e-03
1127 3 87 -3.0140360817313194e-02
1128 3 88 4.9390252679586411e-02
1129 3 89 1.3384290039539337e-02
1130 3 90 -1.2429432943463326e-02
1131 3 91 5.4326754063367844e-02
1132 3 92 1.4616916887462139e-02
1133 3 93 1.9220363348722458e-02
1134 3 94 4.3992098420858383e-02
1135 3 95 7.7631875872612000e-02
1136 3 96 5.7028975337743759e-02
1137 3 97 2.9295159503817558e-02
1138 3 98 -1.1874794028699398e-02
1139 3 99 9.2660985887050629e-02
1140 3 100 -4.3415535241365433e-02
1141 3 101 -6.4737536013126373e-02
1142 3 102 -1.1417872272431850e-02
1143 3 103 4.4426742941141129e-02
1144 3 104 6.9852806627750397e-02
1145 3 105 -2.4660553783178329e-02
1146 3 106 2.3123476654291153e-02
1147 3 107 -3.0411548912525177e-02
1148 3 108 -1.0260263457894325e-02
1149 3 109 -4.9342837184667587e-02
1150 3 110 -1.4481112360954285e-02
1151 3 111 -3.0081413686275482e-02
1152 3 112 4.3211549520492554e-02
1153 3 113 4.1046552360057831e-02
1154 3 114 -3.2199129462242126e-02
1155 3 115 -2.2469980642199516e-02
1156 3 116 1.6753094270825386e-02
1157 3 117 4.3548710644245148e-02
1158 3 118 -1.0726874694228172e-02
1159 3 119 7.5314849615097046e-02
1160 3 120 4.3698154389858246e-02
1161 3 121 6.6330552101135254e-02
1162 3 122 3.4694917500019073e-02
1163 3 123 -6.2547199428081512e-02
1164 3 124 -2.1530583500862122e-02
1165 3 125 1.0491200722754002e-02
1166 3 126 3.0322132632136345e-02
1167 3 127 -6.2468167394399643e-02
1168 3 128 7.2150170803070068e-02
1169 3 129 -1.7256673425436020e-02
1170 3 130 -6.3314945437014103e-03
1171 3 131 7.4617162346839905e-02
1172 3 132 2.1783176809549332e-02
1173 3 133 -3.3711135387420654e-02
1174 3 134 5.2804164588451385e-03
1175 3 135 2.1630773320794106e-02
1176 3 136 6.5992954187095165e-03
1177 3 137 1.5969308093190193e-02
1178 3 138 -3.9502251893281937e-02
1179 3 139 -4.3878246098756790e-02
1180 3 140 -4.0244426578283310e-02
1181 3 141 -2.8878992423415184e-02
1182 3 142 -2.8854727745056152e-02
1183 3 143 6.6953629255294800e-02
1184 3 144 4.7079371288418770e-03
1185 3 145 7.9353507608175278e-03
1186 3 146 4.1764895431697369e-03
1187 3 147 1.1746627092361450e-01
1188 3 148 -7.3875188827514648e-03
1189 3 149 7.8328944742679596e-02
1190 3 150 8.8737986981868744e-02
1191 3 151 -6.2547065317630768e-03
1192 3 152 7.3846064507961273e-02
1193 3 153 -2.6269227266311646e-02
1194 3 154 -4.9196980893611908e-02
1195 3 155 1.5940135344862938e-02
1196 3 156 3.3525310456752777e-02
1197 3 157 -1.0049494449049234e-03
1198 3 158 -4.3098960071802139e-02
1199 3 159 4.3419450521469116e-02
1200 3 160 1.1299756355583668e-02
1201 3 161 6.2111575156450272e-02
1202 3 162 -5.1188301295042038e-02
1203 3 163 -4.4229190796613693e-02
1204 3 164 2.2154202684760094e-02
1205 3 165 1.9434312358498573e-02
1206 3 166 8.0188706517219543e-02
1207 3 167 2.9033433645963669e-02
1208 3 168 -1.0565754957497120e-02
1209 3 169 5.1903162151575089e-02
1210 3 170 4.8902537673711777e-02
1211 3 171 5.7848613709211349e-02
1212 3 172 4.1523844003677368e-02
1213 3 173 5.3801061585545540e-03
1214 3 174 -1.9476856105029583e-03
1215 3 175 8.9435018599033356e-02
1216 3 176 3.0918898060917854e-02
1217 3 177 -3.4267727285623550e-02
1218 3 178 -4.4494025409221649e-02
1219 3 179 3.1680159270763397e-02
1220 3 180 -1.6810135915875435e-02
1221 3 181 -5.7630494236946106e-02
1222 3 182 3.3777277916669846e-02
1223 3 183 1.5079971635714173e-03
1224 3 184 8.4190815687179565e-02
1225 3 185 5.2378654479980469e-02
1226 3 186 8.1136092543601990e-02
1227 3 187 -3.1263589859008789e-02
1228 3 188 1.1799154430627823e-01
1229 3 189 9.5920749008655548e-02
1230 3 190 5.0378650426864624e-02
1231 3 191 8.0821521580219269e-02
1232 3 192 1.8813446164131165e-02
1233 3 193 -4.9216181039810181e-02
1234 3 194 1.9271645694971085e-02
1235 3 195 6.2245309352874756e-02
1236 3 196 -1.5351970680058002e-02
1237 3 197 -2.1255675703287125e-02
1238 3 198 -4.3791770935058594e-02
1239 3 199 5.2096303552389145e-02
1240 3 200 -4.7620743513107300e-02
1241 3 201 4.8814173787832260e-03
1242 3 202 -1.5738127753138542e-02
1243 3 203 -1.2915065512061119e-02
1244 3 204 4.9480076879262924e-02
1245 3 205 8.7315114215016365e-03
1246 3 206 -2.5153882801532745e-02
1247 3 207 4.1156720370054245e-02
1248 3 208 -1.9827188923954964e-02
1249 3 209 2.5817684829235077e-02
1250 3 210 7.6914608478546143e-02
1251 3 211 3.6555059254169464e-02
1252 3 212 2.8774540871381760e-02
1253 3 213 1.3190593570470810e-02
1254 3 214 8.2160323858261108e-02
1255 3 215 -2.6174802333116531e-02
1256 3 216 6.4936220645904541e-02
1257 3 217 -2.5660591199994087e-03
1258 3 218 -6.2356684356927872e-02
1259 3 219 5.7018522173166275e-02
1260 3 220 1.2566776014864445e-02
1261 3 221 1.0343516618013382e-01
1262 3 222 5.1834955811500549e-02
1263 3 223 -5.2029643207788467e-02
1264 3 224 4.4312097132205963e-02
1265 3 225 2.3394720628857613e-02
1266 3 226 1.1157589964568615e-02
1267 3 227 -7.0162012707442045e-04
1268 3 228 -4.5817285776138306e-02
1269 3 229 -5.1994174718856812e-02
1270 3 230 3.7379325367510319e-03
1271 3 231 -2.7968106791377068e-02
1272 3 232 1.4112001284956932e-02
1273 3 233 -1.5431191772222519e-02
1274 3 234 -1.0148004628717899e-02
1275 3 235 -8.7399827316403389e-03
1276 3 236 -3.5239528864622116e-02
1277 3 237 3.7741233245469630e-04
1278 3 238 -2.9817728325724602e-02
1279 3 239 7.2040952742099762e-02
1280 3 240 6.0865737497806549e-02
1281 3 241 4.6645108610391617e-02
1282 3 242 2.8656749054789543e-02
1283 3 243 1.3482169806957245e-01
1284 3 244 -7.1155005134642124e-03
1285 3 245 2.5086884852498770e-03
1286 3 246 -1.2777225114405155e-02
1287 3 247 3.0548105016350746e-02
1288 3 248 2.8910705819725990e-02
1289 3 249 7.9942405223846436e-02
1290 3 250 3.6043532192707062e-02
1291 3 251 7.8166566789150238e-02
1292 3 252 2.5846669450402260e-02
1293 3 253 1.1363343149423599e-01
1294 3 254 8.6017377674579620e-02
1295 3 255 1.0476164519786835e-01
1296 3 256 1.3908083736896515e-01
1297 4 1 -1.2470805644989014e-01
1298 4 2 1.7121803760528564e-01
1299 4 3 -9.5702446997165680e-03
1300 4 4 -1.4536264538764954e-01
1301 4 5 8.9279636740684509e-03
1302 4 6 2.0601296424865723e-01
1303 4 7 -3.1413879245519638e-02
1304 4 8 7.2763249278068542e-02
1305 4 9 -9.9997684359550476e-02
1306 4 10 -7.5051926076412201e-02
