# global_node  layer_id  local_node  bias
785 2 1 3.9922907948493958e-02
786 2 2 -1.1302575469017029e-02
787 2 3 4.3993767350912094e-02
788 2 4 1.6613613069057465e-01
789 2 5 3.2435327768325806e-02
790 2 6 1.9181068986654282e-02
791 2 7 7.5278230011463165e-02
792 2 8 8.3768136799335480e-02
793 2 9 6.8692706525325775e-02
794 2 10 1.3255705125629902e-02
795 2 11 7.2604462504386902e-02
796 2 12 -2.0808648318052292e-02
797 2 13 1.3989867875352502e-03
798 2 14 1.6680784523487091e-01
799 2 15 1.0341087728738785e-01
800 2 16 -1.1403014883399010e-02
801 2 17 -2.2083625197410583e-02
802 2 18 -4.2372443713247776e-03
803 2 19 2.6331165805459023e-02
804 2 20 7.5185976922512054e-02
805 2 21 -6.6051781177520752e-02
806 2 22 6.0706626623868942e-02
807 2 23 -6.1159394681453705e-03
808 2 24 -2.6207203045487404e-02
809 2 25 4.6694383025169373e-02
810 2 26 8.6438454687595367e-02
811 2 27 -8.7707620114088058e-03
812 2 28 8.0466911196708679e-02
813 2 29 1.3129875063896179e-01
814 2 30 -2.1085618063807487e-02
815 2 31 5.0645332783460617e-02
816 2 32 -7.9457812011241913e-02
817 2 33 1.6877557337284088e-01
818 2 34 1.4150344068184495e-03
819 2 35 -1.0062967240810394e-01
820 2 36 1.1669783294200897e-01
821 2 37 1.0613337904214859e-01
822 2 38 -5.5035777390003204e-02
823 2 39 6.4587019383907318e-02
824 2 40 -8.0988645553588867e-02
825 2 41 1.6940105706453323e-02
826 2 42 2.9680108651518822e-02
827 2 43 -9.8227284848690033e-02
828 2 44 1.2084452807903290e-01
829 2 45 2.9282599687576294e-02
830 2 46 -4.5470684766769409e-02
831 2 47 1.6829939559102058e-02
832 2 48 -8.5933387279510498e-02
833 2 49 4.5149449259042740e-02
834 2 50 3.2267201691865921e-02
835 2 51 4.1819352656602859e-02
836 2 52 -4.1005004197359085e-02
837 2 53 2.5054927915334702e-02
838 2 54 1.0113339871168137e-01
839 2 55 1.3026389479637146e-01
840 2 56 3.1183445826172829e-02
841 2 57 -4.5194439589977264e-02
842 2 58 7.7689163386821747e-02
843 2 59 -6.2442876398563385e-02
844 2 60 1.8150888383388519e-01
845 2 61 5.0728671252727509e-02
846 2 62 -1.2894210405647755e-02
847 2 63 -2.0666643977165222e-02
848 2 64 3.6678224802017212e-02
849 3 1 2.8974780812859535e-02
850 3 2 5.3392447531223297e-02
851 3 3 -5.8284334838390350e-02
852 3 4 -8.4522655233740807e-03
853 3 5 1.5316575765609741e-01
854 3 6 -2.3034613579511642e-02
855 3 7 1.5662948787212372e-01
856 3 8 1.3538855314254761e-01
857 3 9 7.5080938637256622e-02
858 3 10 6.0137785971164703e-02
859 3 11 -1.1866951733827591e-01
860 3 12 1.0267373174428940e-01
861 3 13 1.8021598458290100e-01
862 3 14 1.1194763332605362e-01
863 3 15 1.1830420047044754e-01
864 3 16 -3.5178776830434799e-02
865 3 17 -7.9630106687545776e-02
866 3 18 1.3871821761131287e-01
867 3 19 -9.0921729803085327e-02
868 3 20 -6.1747755855321884e-02
869 3 21 3.7933418061584234e-03
870 3 22 -9.0682357549667358e-02
871 3 23 1.1678444594144821e-01
872 3 24 -2.2817408666014671e-02
873 3 25 -8.8376857340335846e-02
874 3 26 1.2107710354030132e-02
875 3 27 -8.6883738636970520e-02
876 3 28 3.1480081379413605e-03
877 3 29 1.8583221733570099e-01
878 3 30 -6.6945582628250122e-02
879 3 31 1.4662344753742218e-01
880 3 32 -4.1129938326776028e-03
881 3 33 -2.6792129501700401e-02
882 3 34 -1.8977330997586250e-02
883 3 35 8.8372994214296341e-03
884 3 36 1.2452260404825211e-01
885 3 37 -1.3260415196418762e-01
886 3 38 1.1627002060413361e-01
887 3 39 1.1304083466529846e-01
888 3 40 1.0277552902698517e-01
889 3 41 7.6976109994575381e-04
890 3 42 -4.4828061014413834e-02
891 3 43 1.7510031163692474e-01
892 3 44 -1.3538464903831482e-01
893 3 45 -7.9606622457504272e-02
894 3 46 2.0495256781578064e-01
895 3 47 1.7172260582447052e-01
896 3 48 -6.7234724760055542e-02
897 3 49 -6.0126777738332748e-02
898 3 50 6.2052208930253983e-02
899 3 51 5.2564818412065506e-02
900 3 52 -1.2995320372283459e-02
901 3 53 4.2985532432794571e-02
902 3 54 -9.0545274317264557e-02
903 3 55 1.1217284947633743e-01
904 3 56 -1.2580871582031250e-01
905 3 57 4.5713331550359726e-02
906 3 58 5.7364329695701599e-02
907 3 59 3.7107884883880615e-02
908 3 60 -2.9500525444746017e-02
909 3 61 8.4310375154018402e-02
910 3 62 1.0157926380634308e-01
911 3 63 1.5483082830905914e-01
912 3 64 3.7761982530355453e-02
913 4 1 -6.5239109098911285e-02
914 4 2 2.3045164346694946e-01
915 4 3 6.9987396709620953e-03
916 4 4 -1.1068663001060486e-01
917 4 5 -3.7986900657415390e-02
918 4 6 1.6223425045609474e-02
919 4 7 -2.9315745458006859e-02
920 4 8 9.1162092983722687e-02
921 4 9 -4.3760440312325954e-03
922 4 10 -1.1924830824136734e-01
923 4 11 -5.8931000530719757e-02
924 4 12 -7.1044981479644775e-02
925 4 13 1.3430589437484741e-01
926 4 14 -4.6632163226604462e-02
927 4 15 9.2927545309066772e-02
928 4 16 -8.9953187853097916e-03
929 4 17 5.4502088576555252e-02
930 4 18 -8.5788462311029434e-03
931 4 19 8.5644736886024475e-02
932 4 20 8.9787542819976807e-02
933 4 21 -1.2590141594409943e-01
934 4 22 -9.3158937990665436e-02
935 4 23 1.4238698780536652e-01
936 4 24 4.1279967874288559e-02
937 4 25 -2.8438786044716835e-02
938 4 26 3.6338429898023605e-02
939 4 27 1.5584179759025574e-01
940 4 28 2.6061883196234703e-02
941 4 29 1.8460226058959961e-01
942 4 30 4.2375610210001469e-03
943 4 31 4.0718438103795052e-03
944 4 32 2.4252508580684662e-01
945 4 33 7.7948234975337982e-02
946 4 34 1.0282645374536514e-01
947 4 35 2.8316220641136169e-01
948 4 36 -1.1119820177555084e-01
949 4 37 1.8364751711487770e-02
950 4 38 1.0772095620632172e-01
951 4 39 -5.9233982115983963e-02
952 4 40 -4.8748355358839035e-02
953 4 41 -1.2104748748242855e-02
954 4 42 -9.5569156110286713e-02
955 4 43 -3.2357398886233568e-03
956 4 44 -5.2916649729013443e-02
957 4 45 2.4211470782756805e-01
958 4 46 -9.5457606017589569e-02
959 4 47 1.0099167376756668e-01
960 4 48 1.8891458213329315e-01
961 4 49 -2.4976957589387894e-02
962 4 50 2.2698907554149628e-01
963 4 51 1.9810660183429718e-01
964 4 52 -1.5083940327167511e-01
965 4 53 1.3734824955463409e-01
966 4 54 -5.0870928913354874e-02
967 4 55 1.0165776312351227e-01
968 4 56 -1.7221659421920776e-01
969 4 57 1.6043575108051300e-01
970 4 58 -1.2009253352880478e-01
971 4 59 5.1563587039709091e-02
972 4 60 -9.3554995954036713e-02
973 4 61 -5.3051646798849106e-02
974 4 62 -1.1739254929125309e-02
975 4 63 1.3252669572830200e-01
976 4 64 2.3902842402458191e-01
977 5 1 -3.7537753582000732e-01
978 5 2 3.8256466388702393e-01
979 5 3 1.4350973069667816e-01
980 5 4 -1.9771995022892952e-02
981 5 5 -1.8905386328697205e-02
982 5 6 1.6152483224868774e-01
983 5 7 -1.5652623772621155e-01
984 5 8 1.2590925395488739e-01
985 5 9 -2.1391750872135162e-01
986 5 10 -8.9324399828910828e-02
