# global_node  layer_id  local_node  bias
785 2 1 -7.4697598814964294e-02
786 2 2 8.1306640058755875e-03
787 2 3 2.4129574000835419e-01
788 2 4 4.1341546922922134e-02
789 2 5 2.2596785426139832e-01
790 2 6 4.4432591646909714e-02
791 2 7 1.4517417550086975e-01
792 2 8 -3.5993435885757208e-03
793 2 9 -4.0030721575021744e-02
794 2 10 6.5543688833713531e-02
795 2 11 1.4556191861629486e-01
796 2 12 -5.6094184517860413e-02
797 2 13 7.9384855926036835e-02
798 2 14 1.0606947541236877e-01
799 2 15 5.1583137363195419e-02
800 2 16 -1.8302112817764282e-02
801 2 17 -7.8563556075096130e-02
802 2 18 1.1783947236835957e-02
803 2 19 5.0769474357366562e-02
804 2 20 5.5194709450006485e-02
805 2 21 -2.0894274115562439e-01
806 2 22 -1.0553751140832901e-01
807 2 23 -6.0342170298099518e-02
808 2 24 6.2554046511650085e-02
809 2 25 9.4510436058044434e-02
810 2 26 -2.5106925517320633e-02
811 2 27 9.8804654553532600e-03
812 2 28 4.3318161368370056e-01
813 2 29 -1.1655838042497635e-01
814 2 30 6.6313058137893677e-02
815 2 31 9.0250469744205475e-02
816 2 32 -1.4390274882316589e-01
817 2 33 5.2829463034868240e-02
818 2 34 7.5605183839797974e-02
819 2 35 2.3836013674736023e-01
820 2 36 -4.4572446495294571e-02
821 2 37 1.6565984487533569e-01
822 2 38 1.2912881374359131e-01
823 2 39 8.8475539814680815e-04
824 2 40 -3.9705634117126465e-02
825 2 41 -5.0171382725238800e-02
826 2 42 -6.8359799683094025e-02
827 2 43 1.8426741659641266e-01
828 2 44 4.8601433634757996e-02
829 2 45 3.7617083638906479e-02
830 2 46 8.4911882877349854e-03
831 2 47 -2.1314274519681931e-02
832 2 48 -2.7516461908817291e-02
833 2 49 7.2479546070098877e-02
834 2 50 -7.1595516055822372e-03
835 2 51 2.0295670256018639e-02
836 2 52 1.5452293679118156e-02
837 2 53 -1.6526286303997040e-01
838 2 54 2.1638381481170654e-01
839 2 55 7.8129686415195465e-02
840 2 56 1.0127968341112137e-01
841 2 57 1.2439945340156555e-01
842 2 58 1.6166789829730988e-01
843 2 59 -5.2405860275030136e-02
844 2 60 1.0187467187643051e-01
845 2 61 3.8178626447916031e-02
846 2 62 1.5901224315166473e-01
847 2 63 -1.8598148226737976e-01
848 2 64 2.0094834268093109e-01
849 3 1 -2.1242217719554901e-01
850 3 2 1.6246132552623749e-01
851 3 3 1.6877040266990662e-02
852 3 4 -1.6154775023460388e-01
853 3 5 1.6076436638832092e-01
854 3 6 3.5231545567512512e-01
855 3 7 -1.9961336255073547e-01
856 3 8 2.5230836868286133e-01
857 3 9 -1.5121421217918396e-01
858 3 10 -6.0461573302745819e-02
