# global_node  layer_id  local_node  bias
785 2 1 -7.3876786045730114e-03
786 2 2 -1.3985655270516872e-02
787 2 3 -7.3200143873691559e-02
788 2 4 -6.1753150075674057e-02
789 2 5 -6.0097981244325638e-02
790 2 6 -5.9050258249044418e-02
791 2 7 1.1366290971636772e-02
792 2 8 -1.6907516866922379e-02
793 2 9 -1.2423611432313919e-01
794 2 10 -1.3447635807096958e-02
795 2 11 2.0546151697635651e-01
796 2 12 -3.4431241452693939e-02
797 2 13 -5.8368720114231110e-02
798 2 14 1.2110690772533417e-01
799 2 15 -1.2305708229541779e-01
800 2 16 2.7142181061208248e-03
801 2 17 -1.7533497512340546e-01
802 2 18 -1.1189243942499161e-01
803 2 19 1.3411279022693634e-01
804 2 20 -7.3399759829044342e-02
805 2 21 -3.1641654670238495e-02
806 2 22 1.7159037292003632e-02
807 2 23 -1.2808161973953247e-01
808 2 24 -9.4991117715835571e-02
809 2 25 -6.9450184702873230e-02
810 2 26 -1.0491300374269485e-01
811 2 27 -2.0145148038864136e-01
812 2 28 -3.3163033425807953e-02
813 2 29 -3.1640522181987762e-02
814 2 30 1.0201640427112579e-01
815 2 31 -8.4888249635696411e-02
816 2 32 -4.1039921343326569e-02
817 2 33 8.1165596842765808e-02
818 2 34 -7.1800068020820618e-02
819 2 35 -9.1560751199722290e-02
820 2 36 -1.9292432069778442e-01
821 2 37 3.2263368368148804e-02
822 2 38 -1.3621020317077637e-01
823 2 39 6.3326708972454071e-02
824 2 40 1.0518308728933334e-01
825 2 41 5.5136699229478836e-03
826 2 42 7.1753032505512238e-02
827 2 43 8.6435928940773010e-02
828 2 44 4.2361274361610413e-02
829 2 45 6.2447246164083481e-02
830 2 46 -1.1028525419533253e-02
831 2 47 2.1922616288065910e-02
832 2 48 -1.1073751375079155e-02
833 2 49 1.1799513548612595e-01
834 2 50 1.3840030133724213e-01
835 2 51 3.4142434597015381e-02
836 2 52 -3.1458109617233276e-02
837 2 53 1.6485281288623810e-01
838 2 54 -5.1392450928688049e-02
839 2 55 1.6370818018913269e-02
840 2 56 -1.2743484973907471e-01
841 2 57 -1.7333190888166428e-02
842 2 58 -1.0047397017478943e-01
843 2 59 7.4508087709546089e-03
844 2 60 -1.5341992676258087e-01
845 2 61 -3.9751503616571426e-02
846 2 62 -7.5723188929259777e-03
847 2 63 -1.6082692146301270e-01
848 2 64 -9.3361265957355499e-02
849 2 65 3.0959317460656166e-02
850 2 66 -1.5185677446424961e-02
851 2 67 9.1252438724040985e-02
852 2 68 -1.3861513137817383e-01
853 2 69 -2.8224954009056091e-01
854 2 70 -1.2624567374587059e-02
855 2 71 1.2347611039876938e-01
856 2 72 6.3313946127891541e-02
857 2 73 -1.1036642640829086e-01
858 2 74 -7.5650632381439209e-02
859 2 75 1.3645619153976440e-01
860 2 76 -4.7159161418676376e-02
861 2 77 1.4149560034275055e-01
862 2 78 -5.2677121013402939e-02
863 2 79 4.2793843895196915e-03
864 2 80 2.5421360135078430e-01
865 2 81 -1.3848690688610077e-01
866 2 82 1.0639155656099319e-01
867 2 83 -2.1157862618565559e-02
868 2 84 5.7812528684735298e-03
869 2 85 -1.1614238470792770e-01
870 2 86 4.6251595020294189e-02
871 2 87 1.7050096392631531e-01
872 2 88 1.9876278936862946e-01
873 2 89 -3.2420445233583450e-02
874 2 90 -4.4346913695335388e-02
875 2 91 1.3333217240869999e-02
876 2 92 -3.9748538285493851e-02
877 2 93 -4.9341175705194473e-02
878 2 94 -4.3106731027364731e-02
879 2 95 4.2607631534337997e-02
880 2 96 -9.2421643435955048e-02
881 2 97 2.0671376958489418e-02
882 2 98 1.0681857820600271e-03
883 2 99 2.4926546961069107e-02
884 2 100 -4.8143897205591202e-02
885 2 101 5.0569571554660797e-02
886 2 102 -5.0792302936315536e-02
887 2 103 2.5757232308387756e-01
888 2 104 -4.4820055365562439e-02
889 2 105 7.4252955615520477e-02
890 2 106 3.4921288490295410e-02
891 2 107 -5.4603207856416702e-02
892 2 108 -3.6498628556728363e-02
893 2 109 -5.1427066326141357e-02
894 2 110 -1.3853728771209717e-01
895 2 111 -5.7118091732263565e-02
896 2 112 -7.0742420852184296e-02
897 2 113 -2.1620140969753265e-01
898 2 114 1.0304558277130127e-01
899 2 115 8.5462890565395355e-02
900 2 116 -1.0642392933368683e-01
901 2 117 -1.6212265938520432e-02
902 2 118 8.9363507926464081e-02
903 2 119 -1.4557078480720520e-01
904 2 120 8.7564736604690552e-02
905 2 121 -4.0121763944625854e-02
906 2 122 6.9048069417476654e-02
907 2 123 1.8307115882635117e-02
908 2 124 -2.1079303696751595e-02
909 2 125 8.8088326156139374e-02
910 2 126 -5.3889729082584381e-02
911 2 127 7.9352892935276031e-02
912 2 128 -1.4935530722141266e-01
913 2 129 -1.2149862200021744e-01
914 2 130 -3.5561695694923401e-02
915 2 131 -1.2209076434373856e-01
916 2 132 5.2319303154945374e-02
917 2 133 7.8009076416492462e-02
918 2 134 -4.7861155122518539e-02
919 2 135 -7.5674258172512054e-02
920 2 136 -1.2270893156528473e-01
921 2 137 4.5969903469085693e-02
922 2 138 5.9491626918315887e-02
923 2 139 -1.0248684138059616e-01
924 2 140 -6.8284541368484497e-02
925 2 141 -1.1805126816034317e-01
926 2 142 4.7360185533761978e-02
927 2 143 -4.1036542505025864e-02
928 2 144 9.0205118060112000e-02
929 2 145 3.8139481097459793e-02
930 2 146 -1.0289373248815536e-01
931 2 147 7.3015764355659485e-02
932 2 148 1.6339868307113647e-01
933 2 149 5.2606947720050812e-02
934 2 150 6.2542604282498360e-03
935 2 151 -5.2569817751646042e-02
936 2 152 3.0912738293409348e-03
937 2 153 3.9099134504795074e-02
938 2 154 8.1467710435390472e-02
939 2 155 -5.2958376705646515e-02
940 2 156 4.8486784100532532e-02
941 2 157 -1.1316332966089249e-01
942 2 158 3.2517440617084503e-02
943 2 159 4.6756908297538757e-02
944 2 160 7.5732134282588959e-02
945 2 161 -7.2734139859676361e-02
946 2 162 -1.7893504351377487e-02
947 2 163 -9.2171490192413330e-02
948 2 164 3.0322650447487831e-02
949 2 165 -1.1553096026182175e-01
950 2 166 7.9611204564571381e-03
951 2 167 -1.3476401567459106e-01
952 2 168 1.1508302763104439e-02
953 2 169 6.0063485056161880e-02
954 2 170 -1.7228042706847191e-02
955 2 171 -6.9832235574722290e-02
956 2 172 -1.6953715682029724e-01
957 2 173 4.8714391887187958e-02
958 2 174 -1.0490866750478745e-01
959 2 175 7.2099044919013977e-02
960 2 176 2.1688812412321568e-03
961 2 177 -1.6165090724825859e-02
962 2 178 -1.0538905113935471e-01
963 2 179 -1.7478299140930176e-01
964 2 180 3.9129778742790222e-02
965 2 181 6.1178009957075119e-02
966 2 182 -1.4944179356098175e-01
967 2 183 6.0337331146001816e-02
968 2 184 -8.1441387534141541e-02
969 2 185 -6.2484897673130035e-02
970 2 186 -3.5262085497379303e-02
971 2 187 4.3593734502792358e-02
972 2 188 4.1790798306465149e-02
973 2 189 -4.7490753233432770e-02
974 2 190 -5.9407581575214863e-03
975 2 191 -9.6670404076576233e-02
976 2 192 -1.9736169278621674e-01
977 2 193 -2.0575099624693394e-03
978 2 194 -3.9310600608587265e-02
979 2 195 -2.7631437778472900e-01
980 2 196 7.7087893150746822e-03
981 2 197 -3.0859956145286560e-01
982 2 198 2.6596676558256149e-02
983 2 199 -1.4186640083789825e-01
984 2 200 1.7350576817989349e-01
985 2 201 7.7016107738018036e-02
986 2 202 -3.7466648966073990e-02
987 2 203 -7.5010538101196289e-02
988 2 204 -5.8417961001396179e-02
989 2 205 -1.7994558811187744e-01
990 2 206 -5.5294826626777649e-02
991 2 207 8.1688150763511658e-02
992 2 208 -6.6853307187557220e-02
993 2 209 -3.8809025287628174e-01
994 2 210 -7.2401233017444611e-02
995 2 211 4.4030938297510147e-02
996 2 212 -9.0096049010753632e-02
997 2 213 4.0892384946346283e-02
998 2 214 1.5490436553955078e-01
999 2 215 -1.5810953080654144e-01
1000 2 216 -3.8116131909191608e-03
1001 2 217 -3.1292017549276352e-02
1002 2 218 -2.7990108355879784e-02
1003 2 219 -6.2148176133632660e-02
1004 2 220 1.2481246888637543e-01
1005 2 221 4.7034524381160736e-02
1006 2 222 2.6466825604438782e-01
1007 2 223 -1.5995809435844421e-01
1008 2 224 -1.9105903804302216e-01
1009 2 225 4.6112094074487686e-02
1010 2 226 -2.3595108091831207e-01
1011 2 227 2.3596841841936111e-02
1012 2 228 8.1034936010837555e-02
1013 2 229 -1.5493378043174744e-01
1014 2 230 5.6576006114482880e-02
1015 2 231 -2.0379265770316124e-02
1016 2 232 -6.6313140094280243e-02
1017 2 233 -5.2663374692201614e-02
1018 2 234 1.1930852383375168e-01
1019 2 235 4.4001445174217224e-02
1020 2 236 6.3732504844665527e-02
1021 2 237 -6.4031787216663361e-02
1022 2 238 -2.4232309311628342e-02
1023 2 239 9.2928409576416016e-02
1024 2 240 -1.7508329451084137e-01
1025 2 241 1.9770018756389618e-02
1026 2 242 -1.7607236281037331e-02
1027 2 243 -1.6818411648273468e-02
1028 2 244 -4.3511990457773209e-02
1029 2 245 4.0717773139476776e-02
1030 2 246 9.9027473479509354e-03
1031 2 247 1.0742991417646408e-01
1032 2 248 3.1445778906345367e-02
1033 2 249 -1.1226515471935272e-01
1034 2 250 -2.7274515479803085e-02
1035 2 251 -1.3148742914199829e-01
1036 2 252 -5.2031774073839188e-02
1037 2 253 -1.4107227325439453e-01
1038 2 254 -6.0338586568832397e-02
1039 2 255 -4.4621013104915619e-02
1040 2 256 2.0869100466370583e-02

1041 3 1 -1.2657925486564636e-01
1042 3 2 1.1113756336271763e-02
1043 3 3 -6.9958679378032684e-02
1044 3 4 2.2563627362251282e-01
1045 3 5 -1.0705982148647308e-01
1046 3 6 -5.5070817470550537e-01
1047 3 7 4.2020237445831299e-01
1048 3 8 -1.5018725395202637e-01
1049 3 9 -2.5118893384933472e-01
1050 3 10 -6.8178758025169373e-02
1051 3 11 -1.9865468144416809e-01
1052 3 12 3.2648155465722084e-03
1053 3 13 3.5752598196268082e-02
1054 3 14 -1.4037458598613739e-01
1055 3 15 -3.6457863450050354e-01
1056 3 16 -9.6199363470077515e-02
1057 3 17 -1.1023951321840286e-01
1058 3 18 -1.3663917779922485e-01
1059 3 19 3.4601848572492599e-02
1060 3 20 -1.7029520869255066e-01
1061 3 21 1.6958913207054138e-01
1062 3 22 -5.7987593114376068e-02
1063 3 23 6.9375829771161079e-03
1064 3 24 -7.6208159327507019e-02
1065 3 25 1.7124217003583908e-02
1066 3 26 -2.3489145934581757e-01
1067 3 27 -2.2482411563396454e-01
1068 3 28 -2.1850804984569550e-01
1069 3 29 -1.9331765174865723e-01
1070 3 30 1.1632094159722328e-02
1071 3 31 -2.9036059975624084e-01
1072 3 32 -2.1034036576747894e-01
1073 3 33 -2.3213736712932587e-02
1074 3 34 -2.6264247298240662e-01
1075 3 35 3.1589940190315247e-01
1076 3 36 -3.0258440971374512e-01
1077 3 37 -2.2068640589714050e-01
1078 3 38 -3.4696635603904724e-01
1079 3 39 -2.8699877858161926e-01
1080 3 40 1.0506348311901093e-01
1081 3 41 -1.5626077353954315e-01
1082 3 42 -2.0153205096721649e-01
1083 3 43 1.5175491571426392e-01
1084 3 44 -1.4442612230777740e-01
1085 3 45 -1.2521508336067200e-01
1086 3 46 -3.0684664845466614e-01
1087 3 47 1.4389239251613617e-01
1088 3 48 -1.2008298188447952e-01
1089 3 49 4.1932019591331482e-01
1090 3 50 -1.2220829725265503e-01
1091 3 51 -1.5511727333068848e-01
1092 3 52 -2.2762499749660492e-01
1093 3 53 -1.2473809719085693e-01
1094 3 54 -9.6431538462638855e-02
1095 3 55 -3.6072856187820435e-01
1096 3 56 -1.2276573479175568e-01
1097 3 57 -1.8132224678993225e-01
1098 3 58 -1.2967869639396667e-01
1099 3 59 -2.0642186701297760e-01
1100 3 60 -2.8266061097383499e-02
1101 3 61 1.3044808059930801e-02
1102 3 62 -1.6189555823802948e-01
1103 3 63 -2.1791335940361023e-01
1104 3 64 -5.6478236801922321e-03
1105 3 65 -3.2622733712196350e-01
1106 3 66 -5.8125507086515427e-02
1107 3 67 -1.6560964286327362e-02
1108 3 68 -1.3226613402366638e-01
1109 3 69 -2.6887461543083191e-01
1110 3 70 -1.0159432888031006e-01
1111 3 71 -1.2428084760904312e-01
1112 3 72 -9.3415439128875732e-02
1113 3 73 -1.8655493855476379e-01
1114 3 74 3.5279056429862976e-01
1115 3 75 9.7719393670558929e-03
1116 3 76 -1.7930042743682861e-01
1117 3 77 8.8952938094735146e-03
1118 3 78 -1.1335107684135437e-01
1119 3 79 -6.7396372556686401e-02
1120 3 80 -4.0966069698333740e-01
1121 3 81 -1.7320474982261658e-01
1122 3 82 -2.1233059465885162e-01
1123 3 83 -8.7918467819690704e-02
1124 3 84 -1.5081945061683655e-01
1125 3 85 -4.7145806252956390e-02
1126 3 86 -1.4974291622638702e-01
1127 3 87 -3.9675816893577576e-01
1128 3 88 -1.5251615643501282e-01
1129 3 89 -2.7236080169677734e-01
1130 3 90 -6.4829662442207336e-02
1131 3 91 -1.7538894712924957e-01
1132 3 92 -5.2573972940444946e-01
1133 3 93 -1.3821892440319061e-01
1134 3 94 -4.2866099625825882e-02
1135 3 95 -2.6667860150337219e-01
1136 3 96 -1.0291069000959396e-01
1137 3 97 -5.0238106399774551e-02
1138 3 98 -6.7139409482479095e-02
1139 3 99 -2.1971695125102997e-01
1140 3 100 -2.2544747591018677e-01
1141 3 101 -5.2894920110702515e-02
1142 3 102 -2.1379022300243378e-01
1143 3 103 -1.6232384368777275e-02
1144 3 104 -6.0539975762367249e-02
1145 3 105 -1.7834207415580750e-01
1146 3 106 -8.5353948175907135e-02
1147 3 107 -2.3088255524635315e-01
1148 3 108 -4.8496571183204651e-01
1149 3 109 -9.4467312097549438e-02
1150 3 110 -2.1448770537972450e-02
1151 3 111 -2.9111182689666748e-01
1152 3 112 -3.9990389347076416e-01
1153 3 113 -1.1714073270559311e-01
1154 3 114 -2.5988745689392090e-01
1155 3 115 -1.8142092227935791e-01
1156 3 116 -3.2287886738777161e-01
1157 3 117 1.4791120588779449e-01
1158 3 118 -1.3172234594821930e-01
1159 3 119 -2.1372668445110321e-02
1160 3 120 -1.8358257412910461e-01
1161 3 121 -2.8335925936698914e-01
1162 3 122 -1.0402783006429672e-01
1163 3 123 9.0368784964084625e-02
1164 3 124 -4.1750527918338776e-02
1165 3 125 -3.3989350777119398e-03
1166 3 126 -8.3486996591091156e-02
1167 3 127 -1.4973010122776031e-01
1168 3 128 3.4137612581253052e-01
1169 3 129 -1.4711189270019531e-01
1170 3 130 -1.9404628872871399e-01
1171 3 131 -2.0920954644680023e-01
1172 3 132 -8.4250196814537048e-02
1173 3 133 -1.0216227173805237e-01
1174 3 134 -1.5501181781291962e-01
1175 3 135 3.6647334694862366e-02
1176 3 136 -2.3826634883880615e-01
1177 3 137 -1.2186717242002487e-01
1178 3 138 -1.6100272536277771e-01
1179 3 139 1.1316136270761490e-01
1180 3 140 -1.5374918282032013e-01
1181 3 141 -3.0610653758049011e-01
1182 3 142 -1.3607729971408844e-01
1183 3 143 -1.3258999213576317e-02
1184 3 144 -2.4967147409915924e-01
1185 3 145 -2.0303505659103394e-01
1186 3 146 -2.0043488591909409e-02
1187 3 147 -7.3688797652721405e-02
1188 3 148 1.8423490226268768e-01
1189 3 149 -1.5373621135950089e-02
1190 3 150 -6.2678538262844086e-02
1191 3 151 -2.1868948638439178e-01
1192 3 152 -1.3532560551539063e-03
1193 3 153 -1.4649431407451630e-01
1194 3 154 -1.1229804158210754e-01
1195 3 155 -3.3836475014686584e-01
1196 3 156 -2.9150936007499695e-01
1197 3 157 1.8943157047033310e-02
1198 3 158 6.2790531665086746e-03
1199 3 159 -2.6104038953781128e-01
1200 3 160 -9.2421490699052811e-03
1201 3 161 -1.2069120258092880e-01
1202 3 162 -2.1719133853912354e-01
1203 3 163 -1.1324235051870346e-01
1204 3 164 -1.1326880753040314e-01
1205 3 165 -1.3944417238235474e-01
1206 3 166 -2.9239642620086670e-01
1207 3 167 -6.8870335817337036e-02
1208 3 168 -2.2381734848022461e-01
1209 3 169 -1.0347351431846619e-01
1210 3 170 -1.9005654752254486e-01
1211 3 171 -2.9095837473869324e-01
1212 3 172 -1.3872539997100830e-01
1213 3 173 1.2697912752628326e-01
1214 3 174 -1.6012051701545715e-01
1215 3 175 -1.4822168648242950e-01
1216 3 176 -3.0507785081863403e-01
1217 3 177 -1.5074101090431213e-01
1218 3 178 -1.2382384389638901e-01
1219 3 179 -1.0017960518598557e-01
1220 3 180 7.8738793730735779e-02
1221 3 181 -1.6658556461334229e-01
1222 3 182 3.0035907402634621e-02
1223 3 183 1.0403964668512344e-01
1224 3 184 -1.4959491789340973e-01
1225 3 185 -1.0333482921123505e-01
1226 3 186 4.2309275269508362e-01
1227 3 187 -2.0688742399215698e-01
1228 3 188 -1.4011166989803314e-01
1229 3 189 -8.5877418518066406e-02
1230 3 190 -1.4876756072044373e-01
1231 3 191 -3.6049100756645203e-01
1232 3 192 1.4381562173366547e-01
1233 3 193 5.2734177559614182e-02
1234 3 194 -5.1461916416883469e-02
1235 3 195 -3.5671314597129822e-01
1236 3 196 -1.7484442889690399e-01
1237 3 197 -2.7372479438781738e-01
1238 3 198 1.1381213366985321e-01
1239 3 199 -1.4262388646602631e-01
1240 3 200 -1.1440851539373398e-01
1241 3 201 -4.7296337783336639e-02
1242 3 202 -6.1657935380935669e-02
1243 3 203 -1.2097681313753128e-01
1244 3 204 9.9410237744450569e-03
1245 3 205 -1.0549671947956085e-01
1246 3 206 -2.1504592895507812e-01
1247 3 207 -2.8190219402313232e-01
1248 3 208 -1.4440265297889709e-01
1249 3 209 2.3116935789585114e-01
1250 3 210 2.6475505903363228e-02
1251 3 211 -2.0161949098110199e-01
1252 3 212 4.7062990069389343e-01
1253 3 213 -3.1453648209571838e-01
1254 3 214 -8.7806671857833862e-02
1255 3 215 -1.4285589754581451e-01
1256 3 216 -2.1453362703323364e-01
1257 3 217 -8.4958206862211227e-03
1258 3 218 -3.6357410717755556e-03
1259 3 219 -5.4635297507047653e-02
1260 3 220 -1.5246948599815369e-01
1261 3 221 -2.0931449532508850e-01
1262 3 222 -3.6488812416791916e-02
1263 3 223 -3.7148807197809219e-02
1264 3 224 1.1106732301414013e-02
1265 3 225 -2.9199627041816711e-01
1266 3 226 -6.4773194491863251e-02
1267 3 227 -1.1108755320310593e-01
1268 3 228 -3.1837627291679382e-01
1269 3 229 -4.5411446690559387e-01
1270 3 230 -1.5983195602893829e-01
1271 3 231 -1.8819674849510193e-01
1272 3 232 3.1871205568313599e-01
1273 3 233 -8.5668407380580902e-02
1274 3 234 -1.5940082073211670e-01
1275 3 235 4.9449148774147034e-01
1276 3 236 -1.6669784486293793e-01
1277 3 237 1.5448185615241528e-02
1278 3 238 -2.6793777942657471e-01
1279 3 239 -1.0351962596178055e-01
1280 3 240 -3.5217916965484619e-01
1281 3 241 -1.7571210861206055e-01
1282 3 242 -2.0666450262069702e-02
1283 3 243 -6.5078370273113251e-02
1284 3 244 -3.6360609531402588e-01
1285 3 245 1.6031017526984215e-02
1286 3 246 -5.0067078322172165e-02
1287 3 247 -4.0957841277122498e-01
1288 3 248 -1.3197283446788788e-01
1289 3 249 3.5633265972137451e-01
1290 3 250 -9.4758778810501099e-02
1291 3 251 -1.0116276331245899e-02
1292 3 252 -1.8722243607044220e-01
1293 3 253 -1.7779508233070374e-01
1294 3 254 -1.3579732179641724e-01
1295 3 255 4.2215597629547119e-01
1296 3 256 -2.6400625705718994e-01

1297 4 1 -2.9505670070648193e-01
1298 4 2 -5.1849953830242157e-02
1299 4 3 -6.8459153175354004e-02
1300 4 4 2.4580064415931702e-01
1301 4 5 -2.7095443010330200e-01
1302 4 6 -8.4238387644290924e-02
1303 4 7 1.1698301881551743e-01
1304 4 8 -1.1973838508129120e-01
1305 4 9 -1.1273102462291718e-01
1306 4 10 3.7848167121410370e-02
1307 4 11 9.9217742681503296e-02
1308 4 12 -1.0426114499568939e-01
1309 4 13 -2.8203312307596207e-02
1310 4 14 1.4518992044031620e-02
1311 4 15 -1.7902508378028870e-01
1312 4 16 -2.8643261641263962e-02
1313 4 17 -1.1441010236740112e-01
1314 4 18 -1.3709406554698944e-01
1315 4 19 -2.5039973855018616e-01
1316 4 20 -9.5586784183979034e-02
1317 4 21 -1.8455854058265686e-01
1318 4 22 -1.2340231984853745e-01
1319 4 23 -1.4813388884067535e-01
1320 4 24 -1.7923466861248016e-01
1321 4 25 -1.1283572763204575e-01
1322 4 26 -1.1844374239444733e-01
1323 4 27 -6.0647422075271606e-01
1324 4 28 6.5071143209934235e-02
1325 4 29 -1.7444665729999542e-01
1326 4 30 -7.2267431020736694e-01
1327 4 31 3.7963181734085083e-02
1328 4 32 6.8850427865982056e-02
1329 4 33 -2.2700607776641846e-01
1330 4 34 7.8232966363430023e-02
1331 4 35 -1.7513431608676910e-01
1332 4 36 -1.4130325615406036e-01
1333 4 37 -9.3515270948410034e-01
1334 4 38 -4.9508556723594666e-01
1335 4 39 -2.3917388916015625e-01
1336 4 40 -5.8950189501047134e-02
1337 4 41 9.0880379080772400e-02
1338 4 42 1.6991300880908966e-01
1339 4 43 -1.2725640833377838e-01
1340 4 44 -7.2814390063285828e-02
1341 4 45 -1.0701319575309753e-01
1342 4 46 2.0148478448390961e-01
1343 4 47 -1.0251360386610031e-01
1344 4 48 -1.2538477778434753e-01
1345 4 49 7.1541249752044678e-02
1346 4 50 -2.6201811432838440e-01
1347 4 51 2.5918586179614067e-02
1348 4 52 -1.2127036601305008e-01
1349 4 53 -1.8216872215270996e-01
1350 4 54 6.7144230008125305e-02
1351 4 55 -3.8129046559333801e-01
1352 4 56 -2.3573240637779236e-01
1353 4 57 1.1142119765281677e-01
1354 4 58 -1.3688343763351440e-01
1355 4 59 -2.5544279813766479e-01
1356 4 60 1.7723160982131958e-01
1357 4 61 -2.0442646741867065e-01
1358 4 62 -2.0449602603912354e-01
1359 4 63 -1.5637817978858948e-01
1360 4 64 -1.4764808118343353e-01
1361 4 65 -2.2459585964679718e-01
1362 4 66 -5.2662696689367294e-02
1363 4 67 4.2292684316635132e-02
1364 4 68 -1.8190993368625641e-01
1365 4 69 9.7625359892845154e-02
1366 4 70 -4.2208278179168701e-01
1367 4 71 4.2248457670211792e-02
1368 4 72 -1.6845324635505676e-01
1369 4 73 -3.3465143293142319e-02
1370 4 74 4.9155458807945251e-01
1371 4 75 -1.0646681487560272e-01
1372 4 76 -2.2981202602386475e-01
1373 4 77 -1.2998025119304657e-01
1374 4 78 2.8405627608299255e-01
1375 4 79 -9.9578380584716797e-02
1376 4 80 1.5256269276142120e-01
1377 4 81 -1.1129677295684814e-01
1378 4 82 -5.9393934905529022e-02
1379 4 83 -1.3574187457561493e-01
1380 4 84 -4.3560087680816650e-01
1381 4 85 3.0424740165472031e-02
1382 4 86 -2.0012444257736206e-01
1383 4 87 -7.0167034864425659e-02
1384 4 88 -1.1468721181154251e-01
1385 4 89 -1.7578455805778503e-01
1386 4 90 -1.2844391167163849e-01
1387 4 91 -5.3247511386871338e-01
1388 4 92 -1.7472787201404572e-01
1389 4 93 -6.6574804484844208e-02
1390 4 94 -9.0413026511669159e-02
1391 4 95 -1.9788570702075958e-01
1392 4 96 -3.1651291251182556e-01
1393 4 97 -1.0556764900684357e-01
1394 4 98 1.0860732942819595e-01
1395 4 99 8.9743673801422119e-02
1396 4 100 -2.8787562251091003e-01
1397 4 101 -1.3066543638706207e-01
1398 4 102 -2.6574644446372986e-01
1399 4 103 -1.1659006774425507e-01
1400 4 104 6.8987351655960083e-01
1401 4 105 -4.2896860837936401e-01
1402 4 106 -1.8774338066577911e-01
1403 4 107 -1.2573237717151642e-01
1404 4 108 -8.5094682872295380e-02
1405 4 109 4.3236017227172852e-02
1406 4 110 -6.7493721842765808e-02
1407 4 111 -2.5680863857269287e-01
1408 4 112 -8.2173667848110199e-02
1409 4 113 -6.0818916559219360e-01
1410 4 114 -1.1240597814321518e-01
1411 4 115 -8.8426098227500916e-02
1412 4 116 -2.3319955170154572e-01
1413 4 117 -1.2362012267112732e-01
1414 4 118 -6.0820825397968292e-02
1415 4 119 -1.9262582063674927e-01
1416 4 120 -1.8028327822685242e-01
1417 4 121 1.5782295167446136e-01
1418 4 122 -2.9944953322410583e-01
1419 4 123 1.1837062239646912e-01
1420 4 124 1.7462417483329773e-02
1421 4 125 -2.9073292016983032e-01
1422 4 126 -2.0501941442489624e-01
1423 4 127 -2.6111003756523132e-01
1424 4 128 -2.3624036461114883e-02
1425 4 129 -2.1921491622924805e-01
1426 4 130 -1.2802305817604065e-01
1427 4 131 -2.1997928619384766e-01
1428 4 132 -4.3222972750663757e-01
1429 4 133 -2.1601399406790733e-02
1430 4 134 2.8428965806961060e-01
1431 4 135 -1.6062539815902710e-01
1432 4 136 -1.2636056542396545e-01
1433 4 137 -4.1087508201599121e-01
1434 4 138 -1.6729082167148590e-01
1435 4 139 -1.2425605952739716e-01
1436 4 140 -1.9261309504508972e-01
1437 4 141 6.2664911150932312e-02
1438 4 142 -7.6942630112171173e-02
1439 4 143 -1.1603216081857681e-01
1440 4 144 -2.7894833683967590e-01
1441 4 145 -5.0850182771682739e-01
1442 4 146 -1.8762478232383728e-01
1443 4 147 -6.0352187603712082e-02
1444 4 148 -1.7375689744949341e-01
1445 4 149 -3.9710810780525208e-01
1446 4 150 -3.2466930150985718e-01
1447 4 151 -9.9967412650585175e-02
1448 4 152 -2.4422479793429375e-02
1449 4 153 -2.0585964620113373e-01
1450 4 154 -5.6719776242971420e-02
1451 4 155 -1.0122250020503998e-01
1452 4 156 -1.2559559941291809e-01
1453 4 157 -2.2945247590541840e-02
1454 4 158 -2.6817265152931213e-01
1455 4 159 3.8082185387611389e-01
1456 4 160 -9.1773390769958496e-02
1457 4 161 3.9532549679279327e-02
1458 4 162 -8.4401242434978485e-02
1459 4 163 -1.0074974596500397e-01
1460 4 164 -2.9150727391242981e-01
1461 4 165 -7.2058886289596558e-02
1462 4 166 -1.2376999482512474e-02
1463 4 167 -2.9965254664421082e-01
1464 4 168 1.0482581704854965e-01
1465 4 169 7.9212281852960587e-03
1466 4 170 -2.0398077368736267e-01
1467 4 171 -1.8135181069374084e-01
1468 4 172 4.6682584285736084e-01
1469 4 173 -9.7092926502227783e-02
1470 4 174 -2.4996998906135559e-01
1471 4 175 -1.2962043285369873e-01
1472 4 176 -3.0931884050369263e-01
1473 4 177 -7.5685456395149231e-02
1474 4 178 -2.0138129591941833e-01
1475 4 179 -4.1619628667831421e-01
1476 4 180 1.9151216745376587e-01
1477 4 181 2.6357385516166687e-01
1478 4 182 -2.3648540675640106e-01
1479 4 183 1.3373826444149017e-01
1480 4 184 -8.4152325987815857e-02
1481 4 185 -3.1515109539031982e-01
1482 4 186 -9.1620817780494690e-02
1483 4 187 -3.3521518111228943e-02
1484 4 188 -8.9318342506885529e-02
1485 4 189 -1.6493521630764008e-01
1486 4 190 1.1851812899112701e-01
1487 4 191 -8.8352657854557037e-02
1488 4 192 -2.3276276886463165e-01
1489 4 193 -5.2965444326400757e-01
1490 4 194 -1.2306873686611652e-02
1491 4 195 -2.6641800999641418e-01
1492 4 196 4.9373027682304382e-01
1493 4 197 -9.5460571348667145e-02
1494 4 198 -4.5278310775756836e-02
1495 4 199 -8.5678592324256897e-02
1496 4 200 -8.2478135824203491e-02
1497 4 201 -1.9846807420253754e-01
1498 4 202 -2.1101310849189758e-02
1499 4 203 -9.9013283848762512e-02
1500 4 204 -5.4353111982345581e-01
1501 4 205 3.3135928213596344e-02
1502 4 206 -8.9331887662410736e-02
1503 4 207 9.2550337314605713e-02
1504 4 208 -1.4858761429786682e-01
1505 4 209 -5.9497863054275513e-02
1506 4 210 -9.8842360079288483e-02
1507 4 211 -2.0796775817871094e-01
1508 4 212 3.6852157115936279e-01
1509 4 213 -8.7870530784130096e-02
1510 4 214 -1.1466655880212784e-01
1511 4 215 -2.8254163265228271e-01
1512 4 216 -1.2231533974409103e-01
1513 4 217 3.8071725517511368e-02
1514 4 218 5.4721724987030029e-01
1515 4 219 1.2028538435697556e-01
1516 4 220 -1.4191477000713348e-01
1517 4 221 -6.2456924468278885e-02
1518 4 222 -2.5064414739608765e-01
1519 4 223 -1.9288969039916992e-01
1520 4 224 -1.9567778706550598e-01
1521 4 225 -3.8464844226837158e-01
1522 4 226 4.9990464001893997e-02
1523 4 227 -1.6698879003524780e-01
1524 4 228 3.1792823225259781e-02
1525 4 229 -1.7623250186443329e-01
1526 4 230 -1.9867408555001020e-03
1527 4 231 -2.6938071846961975e-01
1528 4 232 -2.3810179904103279e-02
1529 4 233 1.0826431959867477e-01
1530 4 234 -4.4266421347856522e-02
1531 4 235 -1.9544693827629089e-01
1532 4 236 2.5534281507134438e-02
1533 4 237 2.3814752697944641e-02
1534 4 238 -1.6323645412921906e-01
1535 4 239 -1.0553726553916931e-01
1536 4 240 -1.1679735779762268e-01
1537 4 241 2.9549476504325867e-01
1538 4 242 7.3571816086769104e-02
1539 4 243 -5.5835142731666565e-02
1540 4 244 -3.0373808741569519e-01
1541 4 245 1.0594679415225983e-01
1542 4 246 -1.6903974115848541e-02
1543 4 247 -1.1468224227428436e-01
1544 4 248 -1.6517899930477142e-01
1545 4 249 -1.1830737441778183e-01
1546 4 250 -4.2589244246482849e-01
1547 4 251 -3.0685734748840332e-01
1548 4 252 -2.9985785484313965e-01
1549 4 253 3.7149843573570251e-01
1550 4 254 -3.0047661066055298e-01
1551 4 255 -1.2354177981615067e-01
1552 4 256 4.6748019754886627e-02

1553 5 1 -1.7436937987804413e-01
1554 5 2 -1.3453562557697296e-01
1555 5 3 1.6582243144512177e-02
1556 5 4 -4.0434071421623230e-01
1557 5 5 2.3508295416831970e-02
1558 5 6 -1.0903251171112061e-01
1559 5 7 -3.9148256182670593e-01
1560 5 8 2.0973952114582062e-01
1561 5 9 -1.7281796038150787e-01
1562 5 10 3.2259494066238403e-01
1563 5 11 3.0960059165954590e-01
1564 5 12 -5.2269978914409876e-04
1565 5 13 -7.3654067516326904e-01
1566 5 14 -2.5421085953712463e-01
1567 5 15 -9.3762367963790894e-02
1568 5 16 -6.6520474851131439e-02
1569 5 17 2.0792223513126373e-02
1570 5 18 -1.9859881699085236e-01
1571 5 19 -5.8487638831138611e-02
1572 5 20 -1.5874706208705902e-01
1573 5 21 -7.2805881500244141e-02
1574 5 22 9.6061617136001587e-02
1575 5 23 -1.1491353809833527e-01
1576 5 24 -1.4364062249660492e-01
1577 5 25 -1.3745591044425964e-01
1578 5 26 -4.2716428637504578e-01
1579 5 27 -2.5869128108024597e-01
1580 5 28 -8.7516874074935913e-02
1581 5 29 -8.1277132034301758e-02
1582 5 30 -3.2148075103759766e-01
1583 5 31 -1.3286006450653076e-01
1584 5 32 -1.4452935755252838e-01
1585 5 33 2.4520668387413025e-01
1586 5 34 3.4759886562824249e-02
1587 5 35 -1.8129830062389374e-01
1588 5 36 -4.6592690050601959e-02
1589 5 37 -2.6762133836746216e-01
1590 5 38 1.4207907021045685e-01
1591 5 39 -9.2365637421607971e-02
1592 5 40 -2.1398729085922241e-01
1593 5 41 -2.5455388426780701e-01
1594 5 42 -2.1138277649879456e-01
1595 5 43 -4.3662753701210022e-01
1596 5 44 -1.9623500108718872e-01
1597 5 45 -3.9740234613418579e-02
1598 5 46 -5.6409472227096558e-01
1599 5 47 -2.9500693082809448e-02
1600 5 48 7.7643238008022308e-02
1601 5 49 -8.5785232484340668e-02
1602 5 50 -1.3283672928810120e-01
1603 5 51 -6.1677157878875732e-02
1604 5 52 -1.3873700797557831e-01
1605 5 53 1.6101129353046417e-02
1606 5 54 1.4633370935916901e-01
1607 5 55 -1.6465541720390320e-01
1608 5 56 -2.8434529900550842e-01
1609 5 57 -1.5529914200305939e-01
1610 5 58 -2.6277976110577583e-02
1611 5 59 -1.4752528071403503e-01
1612 5 60 -6.3487827777862549e-02
1613 5 61 -1.4781698584556580e-01
1614 5 62 -6.8679004907608032e-02
1615 5 63 -1.7496076226234436e-01
1616 5 64 -3.9504331350326538e-01
1617 5 65 -4.4145289808511734e-02
1618 5 66 -8.7730497121810913e-02
1619 5 67 1.9485019147396088e-03
1620 5 68 -7.1296617388725281e-02
1621 5 69 -1.3628448545932770e-01
1622 5 70 -2.0313787460327148e-01
1623 5 71 -1.7324703931808472e-01
1624 5 72 -6.6487103700637817e-02
1625 5 73 -1.6655108332633972e-01
1626 5 74 -3.4998449683189392e-01
1627 5 75 1.4694748818874359e-01
1628 5 76 -1.9196715950965881e-01
1629 5 77 -1.0630052536725998e-01
1630 5 78 1.1180203408002853e-01
1631 5 79 -3.4173175692558289e-01
1632 5 80 2.1730369329452515e-01
1633 5 81 -7.2394512593746185e-02
1634 5 82 6.4453139901161194e-02
1635 5 83 -9.6650429069995880e-02
1636 5 84 -8.8808298110961914e-02
1637 5 85 -7.9220622777938843e-02
1638 5 86 -8.9017584919929504e-02
1639 5 87 -3.8652983307838440e-01
1640 5 88 -1.2401971966028214e-01
1641 5 89 -5.4983454942703247e-01
1642 5 90 5.2357846498489380e-01
1643 5 91 -5.1825370639562607e-02
1644 5 92 -2.0386780798435211e-01
1645 5 93 -9.0236043930053711e-01
1646 5 94 1.4880342781543732e-01
1647 5 95 1.7540138959884644e-01
1648 5 96 5.7777003385126591e-03
1649 5 97 -1.5278722345829010e-01
1650 5 98 -2.1433469653129578e-01
1651 5 99 -1.0552285239100456e-02
1652 5 100 -2.6275798678398132e-01
1653 5 101 -1.6212494671344757e-01
1654 5 102 -1.2658247351646423e-01
1655 5 103 1.9200559705495834e-02
1656 5 104 2.2905826568603516e-02
1657 5 105 -1.8247124552726746e-01
1658 5 106 -1.8183141946792603e-01
1659 5 107 -3.3786673098802567e-02
1660 5 108 -1.4089448750019073e-01
1661 5 109 5.2735190838575363e-02
1662 5 110 -4.6633686870336533e-02
1663 5 111 -1.2402425706386566e-01
1664 5 112 -6.9404400885105133e-02
1665 5 113 -2.4616129696369171e-01
1666 5 114 -7.4426114559173584e-02
1667 5 115 -2.0047333836555481e-01
1668 5 116 2.3030155897140503e-01
1669 5 117 -1.9569540023803711e-01
1670 5 118 1.1181862652301788e-01
1671 5 119 -3.1269836425781250e-01
1672 5 120 -1.0608737170696259e-01
1673 5 121 -3.1616967916488647e-01
1674 5 122 -1.0849124938249588e-01
1675 5 123 -1.3278973102569580e-01
1676 5 124 -1.2990623712539673e-01
1677 5 125 5.2878815680742264e-02
1678 5 126 -1.8886876106262207e-01
1679 5 127 -1.8551798164844513e-01
1680 5 128 -3.7450399994850159e-01
1681 5 129 -2.9777291417121887e-01
1682 5 130 -5.6888240575790405e-01
1683 5 131 -1.5934919938445091e-02
1684 5 132 -4.4399535655975342e-01
1685 5 133 -5.8419442176818848e-01
1686 5 134 2.2691032290458679e-01
1687 5 135 1.9751642644405365e-01
1688 5 136 -2.5062718987464905e-01
1689 5 137 -1.9013957679271698e-01
1690 5 138 3.7614338099956512e-02
1691 5 139 -1.4118999242782593e-01
1692 5 140 -4.2757800221443176e-01
1693 5 141 1.1987736448645592e-02
1694 5 142 1.7610907554626465e-01
1695 5 143 -6.9367401301860809e-02
1696 5 144 -7.6464128494262695e-01
1697 5 145 -1.0573972249403596e-03
1698 5 146 -2.6819312572479248e-01
1699 5 147 -7.0652201771736145e-02
1700 5 148 -5.4907053709030151e-01
1701 5 149 -5.3671103715896606e-01
1702 5 150 4.6172015368938446e-02
1703 5 151 -6.5545618534088135e-02
1704 5 152 -9.9492430686950684e-02
1705 5 153 -3.3469867706298828e-01
1706 5 154 -3.1974160671234131e-01
1707 5 155 9.4512961804866791e-02
1708 5 156 -3.4420013427734375e-02
1709 5 157 -8.3857458084821701e-03
1710 5 158 4.1305035352706909e-02
1711 5 159 8.4221988916397095e-02
1712 5 160 -4.0355533361434937e-02
1713 5 161 -9.9290296435356140e-02
1714 5 162 -7.6430253684520721e-02
1715 5 163 5.7907845824956894e-02
1716 5 164 2.5263336300849915e-01
1717 5 165 6.1148824170231819e-03
1718 5 166 2.3095607757568359e-01
1719 5 167 -6.2356793880462646e-01
1720 5 168 -2.4425026029348373e-02
1721 5 169 -2.8761452436447144e-01
1722 5 170 -6.6382378339767456e-02
1723 5 171 -1.2743039429187775e-01
1724 5 172 2.0112970471382141e-01
1725 5 173 -1.9182674586772919e-01
1726 5 174 2.1028830111026764e-01
1727 5 175 -8.6852489039301872e-03
1728 5 176 -1.8412621319293976e-01
1729 5 177 1.9315014360472560e-03
1730 5 178 -1.0464577376842499e-01
1731 5 179 -3.1142812967300415e-01
1732 5 180 -4.7982957214117050e-02
1733 5 181 -1.8853312730789185e-01
1734 5 182 -8.7650470435619354e-02
1735 5 183 7.6406270265579224e-02
1736 5 184 -9.9038958549499512e-02
1737 5 185 -1.8472307920455933e-01
1738 5 186 -1.4619721472263336e-01
1739 5 187 -1.6645801067352295e-01
1740 5 188 -1.1359908431768417e-01
1741 5 189 -4.6672720462083817e-02
1742 5 190 1.2133716791868210e-01
1743 5 191 -1.4451421797275543e-01
1744 5 192 3.0154260993003845e-01
1745 5 193 -1.2008180469274521e-01
1746 5 194 1.7831234633922577e-01
1747 5 195 1.4083059504628181e-02
1748 5 196 3.5365611314773560e-02
1749 5 197 -1.8543186783790588e-01
1750 5 198 -7.6207913458347321e-02
1751 5 199 1.0251369327306747e-01
1752 5 200 -1.7102564871311188e-01
1753 5 201 -4.1334837675094604e-02
1754 5 202 -1.3958729803562164e-01
1755 5 203 -1.4555998146533966e-02
1756 5 204 -2.2163351997733116e-02
1757 5 205 -4.1479982435703278e-02
1758 5 206 1.6096150502562523e-02
1759 5 207 5.0981040112674236e-03
1760 5 208 -1.3962613046169281e-01
1761 5 209 -1.7659986019134521e-01
1762 5 210 -2.1571809053421021e-01
1763 5 211 -1.2514205276966095e-01
1764 5 212 -2.2820375859737396e-01
1765 5 213 -1.4892689883708954e-01
1766 5 214 2.0078021287918091e-01
1767 5 215 -2.1560427546501160e-01
1768 5 216 1.4236252009868622e-01
1769 5 217 -1.4102432131767273e-01
1770 5 218 -1.0223288834095001e-01
1771 5 219 1.3909099996089935e-01
1772 5 220 -3.0076038837432861e-01
1773 5 221 -4.3929193168878555e-02
1774 5 222 -1.9912663102149963e-01
1775 5 223 -4.4830879569053650e-01
1776 5 224 -1.0364679247140884e-01
1777 5 225 -1.5266001224517822e-01
1778 5 226 2.1240937057882547e-03
1779 5 227 -9.2064086347818375e-03
1780 5 228 -1.2208563834428787e-01
1781 5 229 -3.6240217089653015e-01
1782 5 230 -5.2463442087173462e-02
1783 5 231 1.0427159816026688e-01
1784 5 232 1.5524919331073761e-01
1785 5 233 -2.4657083675265312e-02
1786 5 234 -1.3219975866377354e-02
1787 5 235 -1.5698061883449554e-01
1788 5 236 2.3097869753837585e-01
1789 5 237 -6.5035551786422729e-02
1790 5 238 -1.7476461827754974e-01
1791 5 239 -1.1652190238237381e-02
1792 5 240 -2.3784227669239044e-01
1793 5 241 5.9660043567419052e-02
1794 5 242 -8.4789879620075226e-02
1795 5 243 -6.5279066562652588e-01
1796 5 244 -6.0604728758335114e-02
1797 5 245 -3.2223936915397644e-01
1798 5 246 -5.5177396535873413e-01
1799 5 247 -1.2388993799686432e-01
1800 5 248 1.4785599708557129e-01
1801 5 249 -1.5174555778503418e-01
1802 5 250 -5.0061434507369995e-01
1803 5 251 1.9604134559631348e-01
1804 5 252 7.3846615850925446e-02
1805 5 253 -9.5019847154617310e-02
1806 5 254 -1.1085294187068939e-01
1807 5 255 -8.9973777532577515e-02
1808 5 256 -5.1586687564849854e-01

1809 6 1 -5.9730038046836853e-02
1810 6 2 5.2379304170608521e-01
1811 6 3 -5.1666770130395889e-02
1812 6 4 -5.3504254668951035e-02
1813 6 5 -3.1881630420684814e-02
1814 6 6 1.1371728777885437e-01
1815 6 7 -1.3034129142761230e-01
1816 6 8 -8.4664531052112579e-02
1817 6 9 -2.0496901124715805e-02
1818 6 10 -3.8410075008869171e-02
1819 6 11 -1.6723613440990448e-01
1820 6 12 8.9607876539230347e-01
1821 6 13 -3.4220553934574127e-02
1822 6 14 -1.0291609913110733e-01
1823 6 15 -7.7136583626270294e-02
1824 6 16 4.5558512210845947e-01
1825 6 17 -1.6944380477070808e-02
1826 6 18 -1.2327769398689270e-01
1827 6 19 -2.1780046820640564e-01
1828 6 20 -1.5349951386451721e-01
1829 6 21 -5.1751095801591873e-02
1830 6 22 -1.0049851238727570e-01
1831 6 23 -3.6044687032699585e-02
1832 6 24 -2.0303665101528168e-01
1833 6 25 4.9642622470855713e-01
1834 6 26 1.1122985929250717e-01
1835 6 27 2.0420055836439133e-02
1836 6 28 2.9861437156796455e-02
1837 6 29 2.1367314457893372e-01
1838 6 30 -6.7878089845180511e-02
1839 6 31 -2.8221104294061661e-02
1840 6 32 -5.6969080120325089e-02
1841 6 33 -1.1164786666631699e-01
1842 6 34 -7.7578216791152954e-02
1843 6 35 -1.7891763150691986e-01
1844 6 36 -1.6707113012671471e-02
1845 6 37 -2.5012832880020142e-01
1846 6 38 -7.1652591228485107e-02
1847 6 39 -7.5726814568042755e-02
1848 6 40 9.5247805118560791e-02
1849 6 41 -9.0538866817951202e-02
1850 6 42 6.2827125191688538e-02
1851 6 43 -8.9892663061618805e-02
1852 6 44 -1.6069887578487396e-01
1853 6 45 -8.1096449866890907e-03
1854 6 46 6.7945331335067749e-01
1855 6 47 -1.4001473784446716e-01
1856 6 48 -1.3475260697305202e-02
1857 6 49 1.1903954297304153e-01
1858 6 50 -3.8568343967199326e-02
1859 6 51 6.0725049115717411e-03
1860 6 52 -1.8812386691570282e-01
1861 6 53 -1.7888326942920685e-01
1862 6 54 -6.7042738199234009e-02
1863 6 55 -1.8453422933816910e-02
1864 6 56 -1.4990931749343872e-01
1865 6 57 -1.9172266125679016e-01
1866 6 58 -5.8352161198854446e-02
1867 6 59 -9.5549903810024261e-02
1868 6 60 -1.2307386845350266e-01
1869 6 61 -1.7121262848377228e-01
1870 6 62 -5.3792458027601242e-02
1871 6 63 1.3193878112360835e-03
1872 6 64 4.9640274047851562e-01
1873 6 65 -1.4604119956493378e-01
1874 6 66 -1.7335982993245125e-02
1875 6 67 -1.5858161449432373e-01
1876 6 68 -2.6529970765113831e-01
1877 6 69 -6.8481820635497570e-03
1878 6 70 -6.7010045051574707e-02
1879 6 71 2.8444361686706543e-01
1880 6 72 1.5366697683930397e-02
1881 6 73 -1.8246588110923767e-01
1882 6 74 -3.3395942300558090e-02
1883 6 75 -5.0037100911140442e-02
1884 6 76 -7.8521832823753357e-02
1885 6 77 3.5384863615036011e-02
1886 6 78 -4.4196616858243942e-02
1887 6 79 -1.2556008994579315e-01
1888 6 80 1.6025397926568985e-02
1889 6 81 -6.8256169557571411e-02
1890 6 82 -1.4351115562021732e-02
1891 6 83 -2.0875345170497894e-01
1892 6 84 -1.0473348200321198e-01
1893 6 85 -1.2444316409528255e-02
1894 6 86 3.2205466181039810e-02
1895 6 87 -1.7616213858127594e-01
1896 6 88 -9.9437385797500610e-03
1897 6 89 -1.4867885410785675e-01
1898 6 90 -5.8464851230382919e-02
1899 6 91 -2.9497109353542328e-02
1900 6 92 -6.8409338593482971e-02
1901 6 93 -1.7732398211956024e-01
1902 6 94 6.4057804644107819e-02
1903 6 95 -6.1072963289916515e-03
1904 6 96 1.0707339644432068e-01
1905 6 97 9.1379750519990921e-03
1906 6 98 -7.7278852462768555e-02
1907 6 99 -7.5426273047924042e-02
1908 6 100 -8.5237264633178711e-02
1909 6 101 -3.3338204026222229e-02
1910 6 102 2.6448503136634827e-01
1911 6 103 -8.2943521440029144e-02
1912 6 104 5.9659041464328766e-02
1913 6 105 -1.7025676369667053e-01
1914 6 106 -2.0159643143415451e-02
1915 6 107 -6.3062056899070740e-02
1916 6 108 -1.3924863934516907e-01
1917 6 109 2.0413041114807129e-02
1918 6 110 -7.0512980222702026e-02
1919 6 111 7.7405415475368500e-02
1920 6 112 -2.2640676796436310e-01
1921 6 113 -3.7665143609046936e-02
1922 6 114 -9.9262624979019165e-02
1923 6 115 5.9995166957378387e-02
1924 6 116 -5.6792818009853363e-02
1925 6 117 -1.7043797299265862e-02
1926 6 118 -2.2457644343376160e-01
1927 6 119 3.4360446035861969e-02
1928 6 120 2.6460343599319458e-01
1929 6 121 4.9607881903648376e-01
1930 6 122 -8.0599986016750336e-02
1931 6 123 -1.4494110830128193e-02
1932 6 124 1.5829710662364960e-01
1933 6 125 -2.9499905183911324e-02
1934 6 126 -6.6221624612808228e-02
1935 6 127 -9.4898492097854614e-03
1936 6 128 -1.0256577283143997e-01
1937 6 129 -9.6627652645111084e-02
1938 6 130 6.4679458737373352e-02
1939 6 131 -1.3422857038676739e-02
1940 6 132 -1.6077086329460144e-01
1941 6 133 -1.3583947718143463e-01
1942 6 134 -3.0446721240878105e-02
1943 6 135 -2.6608669757843018e-01
1944 6 136 -1.6379731893539429e-01
1945 6 137 -4.2890425771474838e-02
1946 6 138 -5.4352540522813797e-02
1947 6 139 5.9501580893993378e-02
1948 6 140 -1.2641830742359161e-01
1949 6 141 1.1426255851984024e-01
1950 6 142 -8.1137359142303467e-02
1951 6 143 -1.2957781553268433e-01
1952 6 144 -6.4846165478229523e-02
1953 6 145 2.0674614235758781e-02
1954 6 146 -5.7427421212196350e-02
1955 6 147 -2.1093629300594330e-01
1956 6 148 -1.1644093692302704e-01
1957 6 149 -9.8797090351581573e-02
1958 6 150 5.7061475515365601e-01
1959 6 151 4.1579517722129822e-01
1960 6 152 -1.1588601768016815e-01
1961 6 153 -4.8084378242492676e-02
1962 6 154 -6.6401511430740356e-02
1963 6 155 -1.1784918606281281e-01
1964 6 156 1.5749087324365973e-03
1965 6 157 -3.7894044071435928e-02
1966 6 158 1.5559695661067963e-01
1967 6 159 -1.3962529599666595e-01
1968 6 160 -1.2658973224461079e-02
1969 6 161 4.9483429640531540e-02
1970 6 162 -3.3542566001415253e-02
1971 6 163 -1.1683392524719238e-01
1972 6 164 3.4033629298210144e-01
1973 6 165 1.4131993055343628e-01
1974 6 166 -1.1945159174501896e-02
1975 6 167 1.2936322949826717e-02
1976 6 168 1.1933786422014236e-01
1977 6 169 1.4155578799545765e-02
1978 6 170 -1.3201062381267548e-01
1979 6 171 -1.6614634543657303e-02
1980 6 172 -7.3015317320823669e-02
1981 6 173 -1.1172241717576981e-01
1982 6 174 -6.2127865850925446e-02
1983 6 175 -7.3441267013549805e-02
1984 6 176 -7.7129349112510681e-02
1985 6 177 -1.5048995614051819e-01
1986 6 178 -5.9521377086639404e-02
1987 6 179 -1.3980004191398621e-01
1988 6 180 5.8106072247028351e-02
1989 6 181 -2.7474477887153625e-02
1990 6 182 5.0065732002258301e-01
1991 6 183 -3.9810143411159515e-02
1992 6 184 -3.5619917325675488e-03
1993 6 185 7.6064229011535645e-02
1994 6 186 -1.1809481680393219e-01
1995 6 187 -1.3675649464130402e-01
1996 6 188 4.7555792331695557e-01
1997 6 189 -1.2642039917409420e-02
1998 6 190 6.6190056502819061e-02
1999 6 191 -1.3823841512203217e-01
2000 6 192 -1.1712947487831116e-01
2001 6 193 2.7886612806469202e-03
2002 6 194 -4.9917191267013550e-02
2003 6 195 -6.2928639352321625e-02
2004 6 196 1.5810130536556244e-01
2005 6 197 -3.3949248492717743e-02
2006 6 198 -5.1789060235023499e-03
2007 6 199 1.4113993942737579e-01
2008 6 200 -1.0173030197620392e-01
2009 6 201 -1.4186865091323853e-01
2010 6 202 8.0593205988407135e-02
2011 6 203 -2.0840128883719444e-02
2012 6 204 -2.4180101230740547e-02
2013 6 205 -1.6423568129539490e-02
2014 6 206 -6.4172878861427307e-02
2015 6 207 -2.6296850293874741e-02
2016 6 208 -1.1148515343666077e-01
2017 6 209 -4.0720045566558838e-02
2018 6 210 2.9011932015419006e-01
2019 6 211 -1.7249268293380737e-01
2020 6 212 -7.7561505138874054e-02
2021 6 213 -7.1740835905075073e-02
2022 6 214 -1.9841766357421875e-01
2023 6 215 4.7074444591999054e-02
2024 6 216 -1.8627592921257019e-01
2025 6 217 -1.2132138758897781e-01
2026 6 218 -1.8022111058235168e-01
2027 6 219 -2.0827958360314369e-02
2028 6 220 2.5810700654983521e-01
2029 6 221 5.2142348140478134e-02
2030 6 222 2.6984518393874168e-02
2031 6 223 -7.9760268330574036e-02
2032 6 224 -1.1453136056661606e-01
2033 6 225 -1.1350222676992416e-01
2034 6 226 -8.2855038344860077e-02
2035 6 227 -1.6802665591239929e-01
2036 6 228 -1.1877308040857315e-01
2037 6 229 -7.2452276945114136e-02
2038 6 230 -4.7613484784960747e-03
2039 6 231 -2.6669232174754143e-02
2040 6 232 -4.9245674163103104e-02
2041 6 233 -7.5345568358898163e-02
2042 6 234 5.5693048983812332e-02
2043 6 235 7.9367078840732574e-02
2044 6 236 -9.8578676581382751e-02
2045 6 237 -1.7005844414234161e-01
2046 6 238 -1.4391346275806427e-01
2047 6 239 -1.0756289213895798e-01
2048 6 240 4.3100506067276001e-02
2049 6 241 -3.8323257118463516e-02
2050 6 242 -1.1048325896263123e-01
2051 6 243 4.0326405316591263e-02
2052 6 244 -9.3895614147186279e-02
2053 6 245 2.0499313250184059e-02
2054 6 246 -1.3746624812483788e-02
2055 6 247 4.2560789734125137e-02
2056 6 248 -1.1937622725963593e-01
2057 6 249 -4.8160757869482040e-02
2058 6 250 -1.0723287612199783e-01
2059 6 251 2.0557412505149841e-01
2060 6 252 3.2701432704925537e-02
2061 6 253 1.5031719580292702e-02
2062 6 254 9.9004887044429779e-02
2063 6 255 1.3526089489459991e-01
2064 6 256 1.0711361467838287e-01

2065 7 1 -2.7229106426239014e-01
2066 7 2 2.8673821687698364e-01
2067 7 3 -5.8001530170440674e-01
2068 7 4 -1.7528116703033447e-01
2069 7 5 -1.9616836681962013e-02
2070 7 6 -1.4111568033695221e-01
2071 7 7 -9.7158119082450867e-02
2072 7 8 1.8004132807254791e-01
2073 7 9 -8.6643258109688759e-03
2074 7 10 -4.4977289438247681e-01
2075 7 11 -6.9311195611953735e-01
2076 7 12 3.4266215562820435e-01
2077 7 13 -1.7055781185626984e-01
2078 7 14 -2.9226781800389290e-02
2079 7 15 -7.3962554335594177e-02
2080 7 16 -1.6146913170814514e-01
2081 7 17 -1.1416330188512802e-01
2082 7 18 -1.3085795938968658e-01
2083 7 19 -3.4051537513732910e-01
2084 7 20 -3.3721495419740677e-02
2085 7 21 -5.5714007467031479e-02
2086 7 22 -1.9952283799648285e-01
2087 7 23 -5.5473035573959351e-01
2088 7 24 3.7340870499610901e-01
2089 7 25 -1.4461302757263184e-01
2090 7 26 -8.6361825466156006e-02
2091 7 27 -7.4050500988960266e-02
2092 7 28 -1.6732870042324066e-01
2093 7 29 -2.4675782769918442e-02
2094 7 30 -8.7223514914512634e-02
2095 7 31 -1.7336231470108032e-01
2096 7 32 -1.8667496740818024e-01
2097 7 33 -8.7319863960146904e-03
2098 7 34 -3.7397074699401855e-01
2099 7 35 -1.3719537854194641e-01
2100 7 36 -1.3086533546447754e-01
2101 7 37 -4.1840201616287231e-01
2102 7 38 -1.3818441331386566e-01
2103 7 39 2.4675567448139191e-01
2104 7 40 1.0600280761718750e-01
2105 7 41 -2.7727016806602478e-01
2106 7 42 3.7492367625236511e-01
2107 7 43 9.1504260897636414e-02
2108 7 44 -4.3287891149520874e-01
2109 7 45 -3.1631533056497574e-02
2110 7 46 -6.1533623933792114e-01
2111 7 47 -3.5359853506088257e-01
2112 7 48 -2.0330287516117096e-02
2113 7 49 -1.6242733597755432e-01
2114 7 50 -7.6544046401977539e-02
2115 7 51 4.0405461192131042e-01
2116 7 52 -9.6355155110359192e-02
2117 7 53 -1.2137078493833542e-01
2118 7 54 -1.2674364447593689e-01
2119 7 55 -2.4657858908176422e-01
2120 7 56 4.0560089983046055e-03
2121 7 57 4.9275571107864380e-01
2122 7 58 -9.8657049238681793e-02
2123 7 59 -8.5352100431919098e-02
2124 7 60 -5.3174132108688354e-01
2125 7 61 -2.3493511974811554e-01
2126 7 62 -1.1487054079771042e-01
2127 7 63 -5.9291560202836990e-02
2128 7 64 -5.3857363760471344e-02
2129 7 65 -2.6867663860321045e-01
2130 7 66 4.2223250865936279e-01
2131 7 67 -2.0806761085987091e-01
2132 7 68 -1.3586813211441040e-01
2133 7 69 -6.8144708871841431e-01
2134 7 70 -1.6622579097747803e-01
2135 7 71 2.4653878808021545e-01
2136 7 72 -1.4694710075855255e-01
2137 7 73 -1.3955187797546387e-01
2138 7 74 1.6775055229663849e-01
2139 7 75 -2.1823063492774963e-01
2140 7 76 -2.2896201908588409e-01
2141 7 77 -6.4891511201858521e-01
2142 7 78 -4.2631450295448303e-01
2143 7 79 3.2579037547111511e-01
2144 7 80 -1.6872186958789825e-01
2145 7 81 5.7305228710174561e-01
2146 7 82 -1.7073388397693634e-01
2147 7 83 -1.9965025782585144e-01
2148 7 84 -4.2712125927209854e-02
2149 7 85 -1.4122766256332397e-01
2150 7 86 -1.0708278417587280e-01
2151 7 87 -3.8079413771629333e-01
2152 7 88 -2.6372063159942627e-01
2153 7 89 -1.4088208973407745e-01
2154 7 90 -2.1678599715232849e-01
2155 7 91 5.1481969654560089e-02
2156 7 92 -1.1245036125183105e-01
2157 7 93 1.1571051925420761e-01
2158 7 94 -9.2312067747116089e-02
2159 7 95 1.9406844675540924e-01
2160 7 96 -2.4142585694789886e-01
2161 7 97 -7.9609528183937073e-02
2162 7 98 -2.2557917237281799e-01
2163 7 99 -1.2836146354675293e-01
2164 7 100 4.5446294546127319e-01
2165 7 101 -6.5781986713409424e-01
2166 7 102 -1.0300859063863754e-01
2167 7 103 3.2827913761138916e-01
2168 7 104 -3.8244968652725220e-01
2169 7 105 6.2724336981773376e-02
2170 7 106 -1.2570136785507202e-01
2171 7 107 -2.1213127672672272e-01
2172 7 108 -1.2534894049167633e-01
2173 7 109 -2.2504469752311707e-01
2174 7 110 -2.8746077418327332e-01
2175 7 111 -3.3128836750984192e-01
2176 7 112 -1.7336153984069824e-01
2177 7 113 -3.5618910193443298e-01
2178 7 114 3.5513991117477417e-01
2179 7 115 -4.7427970170974731e-01
2180 7 116 -5.7772970199584961e-01
2181 7 117 -1.2927111983299255e-01
2182 7 118 -8.1389069557189941e-02
2183 7 119 -2.3816566169261932e-01
2184 7 120 -7.1050345897674561e-02
2185 7 121 -2.1330270171165466e-01
2186 7 122 4.3620219826698303e-01
2187 7 123 4.2608764022588730e-02
2188 7 124 -1.1157363653182983e-01
2189 7 125 -7.2749719023704529e-02
2190 7 126 -3.3985987305641174e-02
2191 7 127 -1.2674732506275177e-01
2192 7 128 -3.7756349891424179e-02
2193 7 129 -4.8744848370552063e-01
2194 7 130 -4.8093846440315247e-01
2195 7 131 -1.7161627113819122e-01
2196 7 132 -2.0758463442325592e-01
2197 7 133 2.6206830143928528e-01
2198 7 134 1.1343513615429401e-02
2199 7 135 -1.6475269198417664e-01
2200 7 136 -1.9045838713645935e-01
2201 7 137 -2.7172350883483887e-01
2202 7 138 4.5889344811439514e-01
2203 7 139 -1.0451973974704742e-01
2204 7 140 -5.4853380424901843e-04
2205 7 141 2.6399734616279602e-01
2206 7 142 -4.6245019882917404e-02
2207 7 143 -1.6753163933753967e-01
2208 7 144 -1.8618534505367279e-01
2209 7 145 -2.0338152348995209e-01
2210 7 146 -3.5114061832427979e-01
2211 7 147 -1.5756699442863464e-01
2212 7 148 -6.4853526651859283e-02
2213 7 149 -1.3799023628234863e-01
2214 7 150 4.4126936793327332e-01
2215 7 151 -1.3194669783115387e-01
2216 7 152 -5.5311031639575958e-02
2217 7 153 -1.6650438308715820e-01
2218 7 154 -6.2969103455543518e-02
2219 7 155 8.5783742368221283e-02
2220 7 156 -1.5511523187160492e-01
2221 7 157 -3.3925935626029968e-01
2222 7 158 -1.7448142170906067e-01
2223 7 159 -4.6507883071899414e-01
2224 7 160 3.6078056693077087e-01
2225 7 161 -1.7533233761787415e-01
2226 7 162 -1.1891879141330719e-01
2227 7 163 -9.7483642399311066e-02
2228 7 164 -1.5963605046272278e-01
2229 7 165 -2.4667274951934814e-01
2230 7 166 -1.0359480977058411e-01
2231 7 167 -3.4714105725288391e-01
2232 7 168 -8.1292979419231415e-02
2233 7 169 -1.1985724419355392e-01
2234 7 170 -3.4885638952255249e-01
2235 7 171 7.1062676608562469e-02
2236 7 172 -2.2505188360810280e-02
2237 7 173 -6.5932102501392365e-02
2238 7 174 -2.6276671886444092e-01
2239 7 175 -2.3178777098655701e-01
2240 7 176 2.8116393089294434e-01
2241 7 177 -1.6634958982467651e-01
2242 7 178 -3.9457365870475769e-01
2243 7 179 -6.4700730144977570e-02
2244 7 180 -5.4047871381044388e-02
2245 7 181 -8.7729627266526222e-03
2246 7 182 8.1852585077285767e-02
2247 7 183 -7.0238333940505981e-01
2248 7 184 -1.1544560641050339e-01
2249 7 185 4.1186714172363281e-01
2250 7 186 3.6993917077779770e-02
2251 7 187 -3.9030823111534119e-01
2252 7 188 3.7451591342687607e-02
2253 7 189 4.4496834278106689e-02
2254 7 190 -1.3269330561161041e-01
2255 7 191 -6.8742728233337402e-01
2256 7 192 -1.1642829328775406e-01
2257 7 193 -1.5687714517116547e-01
2258 7 194 -1.0854180157184601e-01
2259 7 195 -4.6876728534698486e-02
2260 7 196 -4.2934179306030273e-01
2261 7 197 -2.3706638813018799e-01
2262 7 198 4.1155683994293213e-01
2263 7 199 -2.8831139206886292e-01
2264 7 200 4.7527909278869629e-01
2265 7 201 -1.5019452571868896e-01
2266 7 202 3.7319430708885193e-01
2267 7 203 -2.2769883275032043e-02
2268 7 204 3.2092951238155365e-02
2269 7 205 -1.5841914713382721e-01
2270 7 206 7.0234097540378571e-02
2271 7 207 3.4450712800025940e-01
2272 7 208 3.4014970064163208e-01
2273 7 209 -6.3016384840011597e-02
2274 7 210 2.4582678079605103e-01
2275 7 211 -1.0232776403427124e-01
2276 7 212 -1.6438385471701622e-02
2277 7 213 -9.1464251279830933e-02
2278 7 214 -2.3448190093040466e-01
2279 7 215 2.5028499960899353e-01
2280 7 216 -1.4292766153812408e-01
2281 7 217 -3.4884464740753174e-01
2282 7 218 -3.6491048336029053e-01
2283 7 219 -6.7785784602165222e-02
2284 7 220 4.5436221361160278e-01
2285 7 221 2.2382144629955292e-01
2286 7 222 -3.0149671435356140e-01
2287 7 223 -1.8301430344581604e-01
2288 7 224 -1.1272933334112167e-02
2289 7 225 3.2924675941467285e-01
2290 7 226 -3.5602638963609934e-03
2291 7 227 -1.1533689685165882e-02
2292 7 228 -1.1481343954801559e-01
2293 7 229 -2.9063895344734192e-01
2294 7 230 3.5841383039951324e-02
2295 7 231 5.5362302064895630e-01
2296 7 232 -1.0859804600477219e-01
2297 7 233 -1.9801853597164154e-01
2298 7 234 -2.5445476174354553e-01
2299 7 235 -2.3848938941955566e-01
2300 7 236 -1.5379169583320618e-01
2301 7 237 -1.3940577208995819e-01
2302 7 238 -4.3963488191366196e-02
2303 7 239 4.2534682154655457e-01
2304 7 240 -2.7747449930757284e-03
2305 7 241 -5.7786929607391357e-01
2306 7 242 -6.8112209439277649e-02
2307 7 243 -2.0987328886985779e-01
2308 7 244 -2.1314990520477295e-01
2309 7 245 -7.8158065676689148e-02
2310 7 246 -1.6129237413406372e-01
2311 7 247 -1.6619512438774109e-01
2312 7 248 -1.1976414918899536e-01
2313 7 249 6.8672977387905121e-02
2314 7 250 2.7821203693747520e-02
2315 7 251 -1.1118262261152267e-01
2316 7 252 4.2655241489410400e-01
2317 7 253 -9.2518530786037445e-02
2318 7 254 -8.8422648608684540e-02
2319 7 255 -3.3179527521133423e-01
2320 7 256 -1.6856659948825836e-01

2321 8 1 9.3029469251632690e-02
2322 8 2 1.1328159272670746e-01
2323 8 3 6.8851709365844727e-02
2324 8 4 3.3142086118459702e-02
2325 8 5 7.3424145579338074e-02
2326 8 6 9.8537087440490723e-02
2327 8 7 9.1702714562416077e-02
2328 8 8 1.1498211324214935e-01
2329 8 9 9.4784840941429138e-02
2330 8 10 6.3270635902881622e-02
