# global_node  layer_id  local_node  bias
785 2 1 5.3911257535219193e-02
786 2 2 -1.1022804304957390e-02
787 2 3 -7.6373249292373657e-02
788 2 4 2.8925385326147079e-02
789 2 5 -4.1876044124364853e-02
790 2 6 -6.3748896121978760e-02
791 2 7 2.9215901158750057e-03
792 2 8 -2.3944092914462090e-02
793 2 9 9.9634028971195221e-02
794 2 10 1.5575504302978516e-01
795 2 11 -5.1399460062384605e-04
796 2 12 5.6123718619346619e-02
797 2 13 9.8793119192123413e-02
798 2 14 7.2600841522216797e-02
799 2 15 -1.0835818946361542e-02
800 2 16 6.1295006424188614e-02
801 2 17 3.8015983998775482e-02
802 2 18 -9.0578399598598480e-02
803 2 19 -4.8009254038333893e-02
804 2 20 -7.7926360070705414e-02
805 2 21 3.7911310791969299e-02
806 2 22 -1.3132967054843903e-02
807 2 23 3.6966007202863693e-02
808 2 24 7.6078832149505615e-02
809 2 25 -6.5418042242527008e-02
810 2 26 4.1526030749082565e-02
811 2 27 4.1085560806095600e-03
812 2 28 -1.4727549254894257e-01
813 2 29 4.6388752758502960e-02
814 2 30 5.6710567325353622e-02
815 2 31 6.7050755023956299e-02
816 2 32 1.2996166944503784e-01
817 2 33 -1.0452266037464142e-01
818 2 34 1.7415853217244148e-02
819 2 35 3.9179436862468719e-02
820 2 36 1.5426091849803925e-02
821 2 37 3.7572614848613739e-02
822 2 38 5.2724104374647141e-02
823 2 39 -1.8805289641022682e-02
824 2 40 -2.1546253934502602e-02
825 2 41 -7.6451599597930908e-02
826 2 42 1.6460062563419342e-01
827 2 43 9.3942269682884216e-02
828 2 44 1.9917152822017670e-01
829 2 45 7.8424416482448578e-02
830 2 46 -1.2382808141410351e-02
831 2 47 1.6214768402278423e-03
832 2 48 -2.0385796204209328e-02
833 2 49 6.6106855869293213e-02
834 2 50 -4.6377547550946474e-04
835 2 51 1.1253926157951355e-01
836 2 52 9.0660437941551208e-02
837 2 53 -9.5034033060073853e-02
838 2 54 1.0573698580265045e-01
839 2 55 6.2517985701560974e-02
840 2 56 3.8010910153388977e-02
841 2 57 1.6286559402942657e-02
842 2 58 9.3578040599822998e-02
843 2 59 -2.7526590973138809e-02
844 2 60 1.4621340669691563e-02
845 2 61 -4.4133931398391724e-02
846 2 62 -1.2726557254791260e-01
847 2 63 8.4799967706203461e-02
848 2 64 -4.1001915931701660e-02
849 2 65 1.5166209638118744e-01
850 2 66 -6.2318373471498489e-02
851 2 67 2.4261200800538063e-02
852 2 68 7.1693129837512970e-02
853 2 69 -6.6870063543319702e-02
854 2 70 -2.1511461585760117e-02
855 2 71 2.0254962146282196e-03
856 2 72 -1.1779026826843619e-03
857 2 73 4.1893992573022842e-02
858 2 74 -5.6988871656358242e-03
859 2 75 6.3116978853940964e-03
860 2 76 1.7055241763591766e-01
861 2 77 8.2179628312587738e-02
862 2 78 -4.3458230793476105e-03
863 2 79 -6.7313879728317261e-02
864 2 80 -6.8029034882783890e-03
865 2 81 6.1390031129121780e-02
866 2 82 2.3939048871397972e-02
867 2 83 9.9424771964550018e-02
868 2 84 4.8900034278631210e-02
869 2 85 1.0856183245778084e-02
870 2 86 -2.8367465361952782e-02
871 2 87 9.5478795468807220e-02
872 2 88 3.2984159886837006e-02
873 2 89 -2.8799131512641907e-02
874 2 90 1.0939288884401321e-01
875 2 91 7.4438013136386871e-02
876 2 92 9.0961359441280365e-02
877 2 93 -5.4978918284177780e-02
878 2 94 1.5402267873287201e-01
879 2 95 1.0621445626020432e-01
880 2 96 -8.3410486578941345e-02
881 2 97 3.7128876894712448e-02
882 2 98 1.5654455125331879e-01
883 2 99 -1.4289909601211548e-01
884 2 100 1.8178708851337433e-02
885 2 101 -5.4962221533060074e-02
886 2 102 1.0518779605627060e-01
887 2 103 6.5820426680147648e-03
888 2 104 -5.9689257293939590e-02
889 2 105 5.4584935307502747e-02
890 2 106 6.3963793218135834e-02
891 2 107 8.0786101520061493e-02
892 2 108 -9.5789216458797455e-02
893 2 109 1.2967717647552490e-01
894 2 110 2.1011134609580040e-02
895 2 111 -1.1079065501689911e-01
896 2 112 6.5754421055316925e-02
897 2 113 -7.8524090349674225e-03
898 2 114 8.1735953688621521e-02
899 2 115 1.7541858553886414e-01
900 2 116 -2.7090751100331545e-03
901 2 117 7.2247162461280823e-02
902 2 118 -3.2679963856935501e-02
903 2 119 7.9167313873767853e-02
904 2 120 1.1404943466186523e-01
905 2 121 -6.6446982324123383e-02
906 2 122 -6.0583189129829407e-02
907 2 123 2.4576043710112572e-02
908 2 124 -5.1263466477394104e-02
909 2 125 2.4033013731241226e-02
910 2 126 3.1542047858238220e-02
911 2 127 3.1313035637140274e-02
912 2 128 5.4024405777454376e-02
913 3 1 -3.0072453618049622e-01
914 3 2 6.2862806022167206e-02
915 3 3 1.7539676278829575e-02
916 3 4 -7.1296229958534241e-02
917 3 5 6.7634634673595428e-02
918 3 6 3.7378755211830139e-01
919 3 7 3.3509224653244019e-02
920 3 8 1.3498362898826599e-01
921 3 9 -7.2017937898635864e-02
922 3 10 -1.4352075755596161e-01
