# global_node  layer_id  local_node  bias
785 2 1 3.7345036864280701e-02
786 2 2 -2.2786287590861320e-03
787 2 3 -4.2873676866292953e-02
788 2 4 -4.4110161252319813e-03
789 2 5 8.3225993439555168e-03
790 2 6 1.8973277881741524e-02
791 2 7 1.1366757750511169e-01
792 2 8 8.3761192858219147e-02
793 2 9 5.5096560390666127e-04
794 2 10 5.7700414210557938e-02
795 2 11 -4.7560542821884155e-02
796 2 12 2.2418895736336708e-02
797 2 13 -6.0360621660947800e-02
798 2 14 9.8415557295084000e-03
799 2 15 1.3454428315162659e-01
800 2 16 1.0005739331245422e-01
801 2 17 -2.9652936384081841e-02
802 2 18 -2.6834425516426563e-03
803 2 19 2.8342436999082565e-02
804 2 20 8.9349232614040375e-02
805 2 21 3.5116963088512421e-02
806 2 22 -8.8296122848987579e-02
807 2 23 7.2010010480880737e-02
808 2 24 1.2238351255655289e-01
809 2 25 -4.3576359748840332e-02
810 2 26 -1.0063347220420837e-01
811 2 27 -1.0189824551343918e-01
812 2 28 3.7354290485382080e-02
813 2 29 2.2388866171240807e-02
814 2 30 6.5540492534637451e-02
815 2 31 9.5249064266681671e-02
816 2 32 1.0065749287605286e-02
817 2 33 4.1305266320705414e-02
818 2 34 5.6481435894966125e-02
819 2 35 -9.6581608057022095e-02
820 2 36 -5.6644536554813385e-02
821 2 37 6.5788157284259796e-02
822 2 38 5.1593419164419174e-02
823 2 39 -6.8433381617069244e-02
824 2 40 4.5608792454004288e-02
825 2 41 -4.2225476354360580e-02
826 2 42 -4.0448359213769436e-03
827 2 43 -4.1578520089387894e-02
828 2 44 -9.9797139409929514e-04
829 2 45 -3.3210651017725468e-03
830 2 46 2.0943190902471542e-02
831 2 47 4.1246697306632996e-02
832 2 48 -2.8217686340212822e-02
833 2 49 -2.5191713124513626e-02
834 2 50 -8.2604922354221344e-02
835 2 51 2.5970179121941328e-03
836 2 52 -2.2677309811115265e-02
837 2 53 -4.7712814062833786e-02
838 2 54 1.5081140398979187e-01
839 2 55 2.7208000421524048e-02
840 2 56 -1.1832105927169323e-02
841 2 57 5.5662613362073898e-02
842 2 58 7.7512562274932861e-02
843 2 59 3.8028597831726074e-02
844 2 60 1.8848393857479095e-01
845 2 61 6.5589800477027893e-02
846 2 62 -1.1755549907684326e-01
847 2 63 8.2033284008502960e-02
848 2 64 4.4840157032012939e-02
849 2 65 4.9079269170761108e-02
850 2 66 -1.1665052175521851e-01
851 2 67 -4.3924819678068161e-02
852 2 68 -1.5747327357530594e-02
853 2 69 1.4794163405895233e-02
854 2 70 9.7175508737564087e-02
855 2 71 1.6109380871057510e-02
856 2 72 -5.5424492806196213e-02
857 2 73 -8.9638054370880127e-02
858 2 74 7.6709732413291931e-02
859 2 75 2.6157600805163383e-02
860 2 76 5.6669142097234726e-02
861 2 77 1.1871916055679321e-01
862 2 78 5.6001935154199600e-02
863 2 79 7.6517231762409210e-02
864 2 80 3.6466654390096664e-02
865 2 81 2.1305037662386894e-02
866 2 82 6.8768747150897980e-02
867 2 83 8.9486740529537201e-02
868 2 84 3.2285962253808975e-02
869 2 85 -8.1780515611171722e-02
870 2 86 -8.8918894529342651e-02
871 2 87 -7.8215919435024261e-02
872 2 88 4.8245172947645187e-02
873 2 89 -1.0199680924415588e-01
874 2 90 -5.1621779799461365e-02
875 2 91 1.1115186661481857e-01
876 2 92 -1.6484009101986885e-02
877 2 93 6.9176986813545227e-02
878 2 94 7.0197857916355133e-02
879 2 95 -9.9205514416098595e-03
880 2 96 -5.6678527034819126e-03
881 2 97 8.5511460900306702e-02
882 2 98 -4.7224868088960648e-02
883 2 99 3.7984142545610666e-03
884 2 100 4.1433855891227722e-02
885 2 101 4.4623985886573792e-02
886 2 102 6.4499214291572571e-02
887 2 103 9.5347732305526733e-02
888 2 104 -3.8365367799997330e-03
889 2 105 6.9833762943744659e-02
890 2 106 -8.6281172931194305e-02
891 2 107 6.9490253925323486e-02
892 2 108 2.5221928954124451e-02
893 2 109 1.9374830648303032e-02
894 2 110 -1.3651562854647636e-02
895 2 111 1.9058657810091972e-02
896 2 112 -2.7796065434813499e-02
897 2 113 1.5236696600914001e-01
898 2 114 9.0497992932796478e-02
899 2 115 8.0003008246421814e-02
900 2 116 -3.4120637923479080e-02
901 2 117 -2.8843730688095093e-02
902 2 118 -5.2650067955255508e-03
903 2 119 9.5269508659839630e-02
904 2 120 1.4525238424539566e-02
905 2 121 4.7217071056365967e-02
906 2 122 -2.3700250312685966e-02
907 2 123 -5.1988502964377403e-03
908 2 124 6.1201333999633789e-02
909 2 125 7.4389785528182983e-02
910 2 126 -5.2063014358282089e-02
911 2 127 -5.9463236480951309e-02
912 2 128 1.1613237112760544e-01
913 3 1 1.7206007614731789e-02
914 3 2 -4.4699043035507202e-02
915 3 3 2.0422108471393585e-01
916 3 4 1.7612824449315667e-03
917 3 5 -7.0167183876037598e-02
918 3 6 -5.2469961345195770e-02
919 3 7 -3.5209074616432190e-02
920 3 8 5.4000169038772583e-02
921 3 9 -8.5381478071212769e-02
922 3 10 6.7516677081584930e-02
923 3 11 -5.4420672357082367e-02
924 3 12 -7.5413003563880920e-02
925 3 13 -1.3569108210504055e-02
926 3 14 5.9129375964403152e-02
927 3 15 -6.8781785666942596e-02
928 3 16 -1.3110949657857418e-02
929 3 17 -1.8171196803450584e-02
930 3 18 1.0125882923603058e-01
931 3 19 3.3601645380258560e-02
932 3 20 -3.5798158496618271e-02
933 3 21 2.8713883832097054e-02
934 3 22 2.1023061871528625e-01
935 3 23 -2.6469092816114426e-02
936 3 24 2.6878181844949722e-02
937 3 25 5.4771035909652710e-02
938 3 26 6.2438964843750000e-02
939 3 27 3.0860802158713341e-02
940 3 28 2.7486192062497139e-02
941 3 29 4.0360473096370697e-02
942 3 30 -1.2036315165460110e-02
943 3 31 -1.7052540555596352e-02
944 3 32 -2.8962615877389908e-02
945 3 33 6.2415100634098053e-02
946 3 34 3.9617918431758881e-02
947 3 35 -2.0461834967136383e-02
948 3 36 -1.0023178905248642e-01
949 3 37 1.9100783765316010e-01
950 3 38 -5.0634764134883881e-02
951 3 39 -5.8192946016788483e-02
952 3 40 -5.1046393811702728e-02
953 3 41 -5.1629953086376190e-02
954 3 42 1.9382208585739136e-02
955 3 43 6.5410800278186798e-02
956 3 44 -5.0283543765544891e-02
957 3 45 1.6035786271095276e-01
958 3 46 2.0499471575021744e-02
959 3 47 9.2845171689987183e-02
960 3 48 -9.5523651689291000e-03
961 3 49 -2.1216951310634613e-02
962 3 50 9.6916265785694122e-02
963 3 51 1.3010436296463013e-01
964 3 52 -7.4240148067474365e-02
965 3 53 8.8415339589118958e-02
966 3 54 1.1924481391906738e-01
967 3 55 -1.2893237173557281e-02
968 3 56 1.9304163753986359e-02
969 3 57 1.2130078673362732e-01
970 3 58 1.0653243958950043e-01
971 3 59 8.2866474986076355e-03
972 3 60 4.8745997250080109e-02
973 3 61 7.9029262065887451e-02
974 3 62 4.2713899165391922e-02
975 3 63 -2.0462619140744209e-02
976 3 64 4.2898677289485931e-02
977 3 65 4.3244604021310806e-02
978 3 66 1.4568567276000977e-01
979 3 67 1.8013691529631615e-02
980 3 68 1.0901131480932236e-01
981 3 69 4.1016019880771637e-02
982 3 70 1.1327604204416275e-01
983 3 71 -1.2835841625928879e-02
984 3 72 4.8019783571362495e-03
985 3 73 5.7653905823826790e-03
986 3 74 -8.5692800581455231e-02
987 3 75 -7.1782216429710388e-02
988 3 76 -3.6910638213157654e-02
989 3 77 5.8559295721352100e-03
990 3 78 5.7496551424264908e-02
991 3 79 -5.5407408624887466e-02
992 3 80 -1.0171278379857540e-02
993 3 81 3.3167548477649689e-02
994 3 82 1.8275948241353035e-02
995 3 83 7.7705398201942444e-02
996 3 84 3.7952974438667297e-02
997 3 85 7.2808624245226383e-03
998 3 86 -1.2391433119773865e-01
999 3 87 6.7809365689754486e-02
1000 3 88 -6.0931728221476078e-03
1001 3 89 8.1680864095687866e-02
1002 3 90 5.5785875767469406e-02
1003 3 91 9.7500383853912354e-02
1004 3 92 6.7518735304474831e-03
1005 3 93 5.1479622721672058e-02
1006 3 94 1.7661623656749725e-01
1007 3 95 1.3463951647281647e-01
1008 3 96 -6.8941406905651093e-02
1009 3 97 -3.6228384822607040e-02
1010 3 98 -4.7994479537010193e-02
1011 3 99 -5.8078486472368240e-02
1012 3 100 -2.0735494792461395e-02
1013 3 101 1.3189353980123997e-02
1014 3 102 3.6468520760536194e-02
1015 3 103 -5.0891317427158356e-02
1016 3 104 4.9408521503210068e-02
1017 3 105 1.0861104354262352e-02
1018 3 106 2.7197564020752907e-02
1019 3 107 -9.6240388229489326e-03
1020 3 108 -3.2600909471511841e-02
1021 3 109 4.3176259845495224e-02
1022 3 110 2.0033366978168488e-02
1023 3 111 5.9198882430791855e-02
1024 3 112 4.9867179244756699e-02
1025 3 113 -9.7562099108472466e-04
1026 3 114 -7.5195036828517914e-02
1027 3 115 -9.6704728901386261e-02
1028 3 116 -2.7103417087346315e-03
1029 3 117 -5.1634751260280609e-02
1030 3 118 -5.0059232860803604e-02
1031 3 119 3.5563260316848755e-02
1032 3 120 -2.3362826555967331e-02
1033 3 121 9.0586222708225250e-02
1034 3 122 1.8573398888111115e-01
1035 3 123 1.2131170183420181e-01
1036 3 124 1.4169619977474213e-01
1037 3 125 -2.2052645683288574e-02
1038 3 126 1.1291898787021637e-02
1039 3 127 9.8353356122970581e-02
1040 3 128 1.2544170022010803e-01
1041 4 1 -2.3982256650924683e-01
1042 4 2 1.5806822478771210e-01
1043 4 3 -5.3205292671918869e-02
1044 4 4 -1.7094214260578156e-01
1045 4 5 7.7911891043186188e-02
1046 4 6 2.8840786218643188e-01
1047 4 7 -8.7167546153068542e-02
1048 4 8 -1.4042250812053680e-02
1049 4 9 -1.9546057283878326e-01
1050 4 10 -7.2910532355308533e-02
