# global_node  layer_id  local_node  bias
785 2 1 1.5519179403781891e-02
786 2 2 -2.2061549127101898e-02
787 2 3 8.7885551154613495e-02
788 2 4 -1.5147077850997448e-02
789 2 5 3.3218458294868469e-02
790 2 6 1.0449901968240738e-01
791 2 7 2.2104958072304726e-02
792 2 8 4.6521805226802826e-02
793 2 9 -1.6964681446552277e-02
794 2 10 1.4064403250813484e-02
795 2 11 2.4232428520917892e-02
796 2 12 -3.5713396966457367e-02
797 2 13 3.6956518888473511e-02
798 2 14 -5.5888362228870392e-02
799 2 15 8.3790242671966553e-02
800 2 16 5.6276060640811920e-03
801 2 17 1.3356918096542358e-01
802 2 18 3.5610243678092957e-02
803 2 19 -5.7138054398819804e-04
804 2 20 5.6024469435214996e-02
805 2 21 -3.8253612816333771e-02
806 2 22 4.4094838201999664e-02
807 2 23 -2.9423924162983894e-02
808 2 24 5.0006296485662460e-02
809 2 25 2.6985092554241419e-03
810 2 26 5.6473519653081894e-02
811 2 27 4.6356342732906342e-02
812 2 28 4.3828513473272324e-02
813 2 29 3.7852544337511063e-02
814 2 30 1.0795312374830246e-01
815 2 31 6.9080784916877747e-02
816 2 32 4.9252584576606750e-03
817 2 33 3.0701525975018740e-03
818 2 34 -1.9125029444694519e-02
819 2 35 6.7314401268959045e-02
820 2 36 3.7686668336391449e-02
821 2 37 2.2949391975998878e-02
822 2 38 9.0028770267963409e-02
823 2 39 1.6377152875065804e-02
824 2 40 1.2016933411359787e-02
825 2 41 4.8837307840585709e-02
826 2 42 -4.3643776327371597e-02
827 2 43 9.1992825269699097e-02
828 2 44 -5.6081049144268036e-02
829 2 45 1.0320265591144562e-01
830 2 46 -1.5918143093585968e-02
831 2 47 2.0911309868097305e-02
832 2 48 -3.0281128361821175e-02
833 2 49 1.9546160474419594e-02
834 2 50 5.7181503623723984e-02
835 2 51 1.2117181904613972e-02
836 2 52 -1.8570918589830399e-02
837 2 53 4.3880712240934372e-02
838 2 54 2.8905460610985756e-02
839 2 55 -4.2015951126813889e-02
840 2 56 -7.0193797349929810e-02
841 2 57 -4.9142494797706604e-02
842 2 58 7.3867380619049072e-02
843 2 59 -1.2620384804904461e-02
844 2 60 5.0408756360411644e-03
845 2 61 5.6602310389280319e-02
846 2 62 1.3631669804453850e-02
847 2 63 -1.0242519527673721e-01
848 2 64 -9.3821631744503975e-03
849 2 65 6.1083147302269936e-03
850 2 66 -8.6535237729549408e-02
851 2 67 1.1525282170623541e-03
852 2 68 1.4701941981911659e-02
853 2 69 3.0933360103517771e-03
854 2 70 -2.1048873662948608e-02
855 2 71 -3.1311675906181335e-02
856 2 72 -5.6741172447800636e-03
857 2 73 2.0563997328281403e-02
858 2 74 -5.7664878666400909e-02
859 2 75 3.1671121716499329e-02
860 2 76 -5.2533987909555435e-02
861 2 77 1.1653054505586624e-01
862 2 78 -1.4533716253936291e-02
863 2 79 3.8370411843061447e-02
864 2 80 4.8203665763139725e-02
865 2 81 1.7087692394852638e-02
866 2 82 4.0722392499446869e-02
867 2 83 2.0660611335188150e-03
868 2 84 3.9983581751585007e-02
869 2 85 -8.8534895330667496e-03
870 2 86 -5.4361023008823395e-02
871 2 87 3.2469239085912704e-02
872 2 88 2.5620544329285622e-02
873 2 89 -1.2102526612579823e-02
874 2 90 2.1205419674515724e-02
875 2 91 6.1900414526462555e-02
876 2 92 3.3172909170389175e-02
877 2 93 7.5124655850231647e-03
878 2 94 5.1626794040203094e-02
879 2 95 2.0290285348892212e-02
880 2 96 1.5524853020906448e-02
881 2 97 -8.3416208624839783e-02
882 2 98 7.7454553684219718e-04
883 2 99 9.6683837473392487e-02
884 2 100 -2.4922562763094902e-02
885 2 101 -2.3859964683651924e-02
886 2 102 -1.3833793811500072e-02
887 2 103 -6.0030005872249603e-02
888 2 104 -1.9168587401509285e-02
889 2 105 -5.7839914225041866e-03
890 2 106 3.2279271632432938e-02
891 2 107 4.4504214078187943e-02
892 2 108 -6.8699479103088379e-02
893 2 109 -3.0910810455679893e-02
894 2 110 -5.1646005362272263e-02
895 2 111 1.7538754269480705e-02
896 2 112 2.8608296066522598e-02
897 2 113 1.2941066920757294e-01
898 2 114 -3.6977161653339863e-03
899 2 115 3.5549484193325043e-02
900 2 116 -8.7303910404443741e-03
901 2 117 4.5391000807285309e-02
902 2 118 4.5039243996143341e-03
903 2 119 -3.2325286418199539e-02
904 2 120 6.4587467350065708e-03
905 2 121 -2.0845521241426468e-02
906 2 122 2.9772344976663589e-02
907 2 123 4.7080170363187790e-02
908 2 124 -7.6532915234565735e-02
909 2 125 2.1892666816711426e-02
910 2 126 -3.6469187587499619e-02
911 2 127 5.4479498416185379e-02
912 2 128 3.3792033791542053e-02
913 2 129 1.0000655800104141e-01
914 2 130 7.9743601381778717e-02
915 2 131 1.5334265772253275e-03
916 2 132 -7.7998260967433453e-03
917 2 133 1.2291547842323780e-02
918 2 134 -1.8812760710716248e-02
919 2 135 2.3211298510432243e-02
920 2 136 -2.1545959636569023e-02
921 2 137 5.6610107421875000e-02
922 2 138 -3.4265954047441483e-02
923 2 139 2.9266294091939926e-02
924 2 140 -5.9308104217052460e-02
925 2 141 1.0018833912909031e-02
926 2 142 5.9095073491334915e-02
927 2 143 1.5243862755596638e-02
928 2 144 -5.6229352951049805e-02
929 2 145 1.4694989658892155e-02
930 2 146 3.4968663007020950e-02
931 2 147 2.6861421763896942e-02
932 2 148 1.4588647522032261e-02
933 2 149 6.3914239406585693e-02
934 2 150 -6.5479882061481476e-02
935 2 151 3.9031300693750381e-02
936 2 152 6.2860161066055298e-02
937 2 153 1.6082348302006721e-02
938 2 154 -3.7348680780269206e-04
939 2 155 2.2026579827070236e-02
940 2 156 4.9443175084888935e-03
941 2 157 -3.1101189088076353e-03
942 2 158 -1.7926871776580811e-02
943 2 159 -1.9386149942874908e-02
944 2 160 2.8130281716585159e-02
945 2 161 1.9706543534994125e-02
946 2 162 2.8201552107930183e-02
947 2 163 4.1026894003152847e-02
948 2 164 3.5558767616748810e-02
949 2 165 -1.1350013315677643e-02
950 2 166 3.2501306384801865e-02
951 2 167 -3.7644159048795700e-02
952 2 168 -8.8315578177571297e-03
953 2 169 8.6540654301643372e-02
954 2 170 -5.8113276958465576e-02
955 2 171 -4.5170839875936508e-02
956 2 172 1.0594729334115982e-01
957 2 173 1.0293099097907543e-02
958 2 174 4.9270369112491608e-02
959 2 175 8.8592290878295898e-02
960 2 176 -1.2226619757711887e-02
961 2 177 -2.2973394952714443e-03
962 2 178 -1.2072236090898514e-01
963 2 179 -3.3980429172515869e-02
964 2 180 -9.3753943219780922e-03
965 2 181 -2.5655388832092285e-02
966 2 182 -1.4055364765226841e-02
967 2 183 -5.7129566557705402e-03
968 2 184 3.4933291375637054e-02
969 2 185 1.0589550249278545e-02
970 2 186 1.3910604640841484e-02
971 2 187 1.1714331805706024e-02
972 2 188 1.0620824992656708e-01
973 2 189 4.5895557850599289e-02
974 2 190 1.1130062630400062e-03
975 2 191 -3.7612646818161011e-02
976 2 192 1.1939986050128937e-01
977 2 193 7.3130145668983459e-02
978 2 194 1.4896221458911896e-02
979 2 195 3.3192828297615051e-02
980 2 196 -2.2195396944880486e-02
981 2 197 -1.0530380532145500e-02
982 2 198 -6.6841701045632362e-03
983 2 199 6.0124084353446960e-02
984 2 200 -2.2587919607758522e-02
985 2 201 5.6938581168651581e-02
986 2 202 -1.5392446890473366e-02
987 2 203 4.8036858439445496e-02
988 2 204 2.3598348721861839e-02
989 2 205 6.1356525868177414e-02
990 2 206 -7.5475171208381653e-02
991 2 207 -1.4121004380285740e-02
992 2 208 -5.1429979503154755e-02
993 2 209 2.5771485641598701e-02
994 2 210 1.6841633245348930e-02
995 2 211 3.0030775815248489e-02
996 2 212 3.7388417869806290e-02
997 2 213 4.0418643504381180e-02
998 2 214 -1.1919329874217510e-02
999 2 215 9.9259823560714722e-02
1000 2 216 3.2324332743883133e-02
1001 2 217 -2.6762180030345917e-02
1002 2 218 3.4700162708759308e-02
1003 2 219 -2.9523898847401142e-03
1004 2 220 -6.0064017772674561e-02
1005 2 221 3.2215893268585205e-02
1006 2 222 -7.2003044188022614e-02
1007 2 223 4.8837557435035706e-02
1008 2 224 -6.1345444992184639e-03
1009 2 225 1.8048495054244995e-02
1010 2 226 5.8606259524822235e-02
1011 2 227 3.3419266343116760e-02
1012 2 228 7.1963149821385741e-04
1013 2 229 -9.0573029592633247e-03
1014 2 230 8.2971207797527313e-02
1015 2 231 4.9153976142406464e-02
1016 2 232 -2.3445487022399902e-02
1017 2 233 3.2625284045934677e-02
1018 2 234 -8.6602084338665009e-03
1019 2 235 5.3408931940793991e-02
1020 2 236 5.3939506411552429e-02
1021 2 237 -9.3160895630717278e-03
1022 2 238 2.5817029178142548e-02
1023 2 239 -3.3682398498058319e-02
1024 2 240 1.5342143177986145e-01
1025 2 241 5.3764572367072105e-03
1026 2 242 6.3271209597587585e-02
1027 2 243 3.2699726521968842e-02
1028 2 244 4.0477037429809570e-02
1029 2 245 1.6962282359600067e-02
1030 2 246 1.9762827083468437e-02
1031 2 247 1.0457973927259445e-02
1032 2 248 2.4861542508006096e-02
1033 2 249 -1.3649731874465942e-02
1034 2 250 6.3107706606388092e-02
1035 2 251 2.6958419475704432e-03
1036 2 252 2.8533276170492172e-02
1037 2 253 -8.3871670067310333e-03
1038 2 254 1.6634946689009666e-02
1039 2 255 3.7759456783533096e-02
1040 2 256 1.1901077628135681e-01
1041 3 1 -2.1580785512924194e-01
1042 3 2 9.0731635689735413e-02
1043 3 3 -4.5566704124212265e-02
1044 3 4 -1.1178942769765854e-01
1045 3 5 1.3106815516948700e-02
1046 3 6 1.3851772248744965e-01
1047 3 7 4.4023888185620308e-03
1048 3 8 1.1935499310493469e-01
1049 3 9 -1.1992078274488449e-02
1050 3 10 1.9034704193472862e-02
