# global_node  layer_id  local_node  bias
785 2 1 6.3587188720703125e-02
786 2 2 5.9363842010498047e-02
787 2 3 6.1129614710807800e-02
788 2 4 4.3753739446401596e-02
789 2 5 -5.2006281912326813e-03
790 2 6 3.5785995423793793e-03
791 2 7 2.0113619044423103e-02
792 2 8 -1.4764881692826748e-02
793 2 9 7.4365518987178802e-02
794 2 10 -4.9631375819444656e-02
795 2 11 -3.0440244823694229e-02
796 2 12 8.8879512622952461e-03
797 2 13 1.7062783241271973e-02
798 2 14 -1.0815741121768951e-01
799 2 15 1.1325529776513577e-02
800 2 16 2.2070840001106262e-02
801 2 17 1.6343390569090843e-02
802 2 18 3.0726231634616852e-02
803 2 19 6.6211953759193420e-02
804 2 20 4.3673766776919365e-03
805 2 21 5.4915476590394974e-02
806 2 22 1.7369743436574936e-02
807 2 23 6.1511714011430740e-02
808 2 24 1.7972245812416077e-02
809 2 25 -9.5383385196328163e-03
810 2 26 -1.8763717263936996e-02
811 2 27 3.6659084260463715e-02
812 2 28 -1.3257024809718132e-02
813 2 29 2.3159807547926903e-02
814 2 30 4.1624173521995544e-02
815 2 31 -1.2315171770751476e-02
816 2 32 1.3335070572793484e-02
817 2 33 2.2237086668610573e-02
818 2 34 2.4318834766745567e-02
819 2 35 5.6770732626318932e-03
820 2 36 1.5028769150376320e-02
821 2 37 5.9942398220300674e-02
822 2 38 2.2372610867023468e-02
823 2 39 2.5213424116373062e-02
824 2 40 2.1310554817318916e-02
825 2 41 2.6540901511907578e-02
826 2 42 1.0973281413316727e-01
827 2 43 1.2036713957786560e-01
828 2 44 2.0192546769976616e-02
829 2 45 1.0212691500782967e-02
830 2 46 -1.2700007855892181e-01
831 2 47 3.1032485887408257e-02
832 2 48 -1.4593014493584633e-02
833 2 49 -8.9861370623111725e-02
834 2 50 7.3679193854331970e-02
835 2 51 -4.4087548740208149e-03
836 2 52 9.0476036071777344e-02
837 2 53 3.9475817233324051e-02
838 2 54 -1.0363287478685379e-01
839 2 55 7.2999663650989532e-02
840 2 56 -5.5627793073654175e-02
841 2 57 4.3846189975738525e-02
842 2 58 -3.1791944056749344e-02
843 2 59 7.9285927116870880e-02
844 2 60 3.8552362471818924e-02
845 2 61 -5.4372649639844894e-02
846 2 62 3.2247357070446014e-02
847 2 63 -1.5515225939452648e-02
848 2 64 -1.0754678398370743e-02
849 2 65 3.4936916083097458e-02
850 2 66 -5.7335983961820602e-02
851 2 67 -1.6514530871063471e-03
852 2 68 3.6752086132764816e-02
853 2 69 -7.4308052659034729e-02
854 2 70 -2.2851093672215939e-03
855 2 71 -9.1504335403442383e-02
856 2 72 1.0578059405088425e-01
857 2 73 2.8628369327634573e-03
858 2 74 -2.4925541132688522e-02
859 2 75 -8.8030984625220299e-03
860 2 76 1.2192090973258018e-02
861 2 77 9.3962717801332474e-03
862 2 78 2.9021954163908958e-02
863 2 79 1.2357537448406219e-01
864 2 80 6.5073736011981964e-02
865 2 81 1.1413560714572668e-03
866 2 82 2.5079006329178810e-02
867 2 83 1.1229416355490685e-02
868 2 84 -7.7603109180927277e-02
869 2 85 -4.1319536976516247e-03
870 2 86 4.9428094178438187e-02
871 2 87 8.4923848509788513e-02
872 2 88 3.8435786962509155e-02
873 2 89 -1.9586943089962006e-02
874 2 90 3.9226647466421127e-02
875 2 91 1.6158569604158401e-02
876 2 92 -5.0093520432710648e-02
877 2 93 -2.8440322726964951e-02
878 2 94 8.8486558524891734e-04
879 2 95 -8.6096167564392090e-02
880 2 96 -2.5002120062708855e-02
881 2 97 6.0794383287429810e-02
882 2 98 2.3859214037656784e-02
883 2 99 -1.4148587360978127e-02
884 2 100 6.5945819020271301e-02
885 2 101 2.6574211195111275e-02
886 2 102 -1.6864283010363579e-02
887 2 103 7.9652905464172363e-02
888 2 104 2.7960894629359245e-02
889 2 105 5.2881527692079544e-02
890 2 106 1.0091878473758698e-01
891 2 107 7.0148564875125885e-02
892 2 108 -9.5969494432210922e-03
893 2 109 5.9109207242727280e-02
894 2 110 1.1119282990694046e-01
895 2 111 -1.8305743113160133e-02
896 2 112 4.7113943845033646e-02
897 2 113 5.9150550514459610e-02
898 2 114 1.2399502843618393e-01
899 2 115 2.1041933447122574e-02
900 2 116 1.3569745235145092e-02
901 2 117 8.4617109969258308e-03
902 2 118 1.0322089307010174e-02
903 2 119 -2.7529126033186913e-02
904 2 120 4.0248181670904160e-02
905 2 121 4.4634129852056503e-02
906 2 122 -3.3754821866750717e-02
907 2 123 1.0355641692876816e-01
908 2 124 -6.1558861285448074e-02
909 2 125 5.6174951605498791e-03
910 2 126 7.7747404575347900e-02
911 2 127 1.5760678797960281e-02
912 2 128 2.5628121569752693e-02
913 2 129 -2.5838145520538092e-03
914 2 130 -6.8656454095616937e-04
915 2 131 -1.7701730132102966e-02
916 2 132 1.3792260549962521e-02
917 2 133 -3.5922914743423462e-02
918 2 134 -1.6921484842896461e-02
919 2 135 -6.3070848584175110e-02
920 2 136 -3.9218827150762081e-03
921 2 137 -1.2416198849678040e-02
922 2 138 1.2497941963374615e-02
923 2 139 -5.1974691450595856e-02
924 2 140 5.2178610116243362e-02
925 2 141 1.4953627251088619e-02
926 2 142 -1.9094109535217285e-02
927 2 143 3.1515434384346008e-02
928 2 144 2.6939744129776955e-03
929 2 145 -7.4560694396495819e-02
930 2 146 2.4562209844589233e-02
931 2 147 -2.6935307309031487e-02
932 2 148 1.1077570728957653e-02
933 2 149 1.1233634315431118e-02
934 2 150 -1.6971271485090256e-02
935 2 151 -2.3557573556900024e-02
936 2 152 -2.9398147016763687e-02
937 2 153 -4.3963146163150668e-04
938 2 154 5.0507448613643646e-02
939 2 155 3.3426836133003235e-02
940 2 156 3.3813845366239548e-02
941 2 157 4.1734967380762100e-02
942 2 158 -1.4405729249119759e-02
943 2 159 1.9743489101529121e-02
944 2 160 3.8035176694393158e-02
945 2 161 -4.9361228011548519e-03
946 2 162 1.6018599271774292e-02
947 2 163 1.1975699104368687e-02
948 2 164 -7.3628518730401993e-03
949 2 165 -3.5130374133586884e-02
950 2 166 -2.4205612018704414e-02
951 2 167 -1.4546538703143597e-02
952 2 168 2.2779123857617378e-02
953 2 169 1.3435265049338341e-02
954 2 170 -4.7018900513648987e-02
955 2 171 -7.9737924039363861e-02
956 2 172 1.1896354146301746e-02
957 2 173 -2.5122296065092087e-02
958 2 174 -2.0084260031580925e-02
959 2 175 3.9452381432056427e-02
960 2 176 -2.5623291730880737e-03
961 2 177 2.6391744613647461e-02
962 2 178 2.2562723606824875e-02
963 2 179 -2.9631825163960457e-02
964 2 180 8.3106746897101402e-03
965 2 181 3.9099305868148804e-02
966 2 182 4.5662168413400650e-02
967 2 183 1.2921028770506382e-02
968 2 184 6.2795348465442657e-02
969 2 185 -1.2069988064467907e-02
970 2 186 -5.1270565018057823e-03
971 2 187 -3.2280053943395615e-02
972 2 188 -1.3874219730496407e-02
973 2 189 2.8370972722768784e-02
974 2 190 3.2215673476457596e-02
975 2 191 -3.2597962766885757e-02
976 2 192 -1.9435714930295944e-02
977 2 193 2.0938057452440262e-02
978 2 194 3.3087827265262604e-02
979 2 195 5.4379682987928391e-02
980 2 196 -1.1287952773272991e-02
981 2 197 5.9878759086132050e-02
982 2 198 1.3906868174672127e-02
983 2 199 -1.5277590602636337e-02
984 2 200 -2.0093100145459175e-02
985 2 201 -8.2382634282112122e-03
986 2 202 6.3680596649646759e-02
987 2 203 -3.4382238984107971e-02
988 2 204 -2.0918680354952812e-02
989 2 205 -4.7508332878351212e-02
990 2 206 2.0172711461782455e-02
991 2 207 -2.6497087674215436e-04
992 2 208 6.6517945379018784e-03
993 2 209 1.8183412030339241e-02
994 2 210 -1.4987228438258171e-02
995 2 211 -9.8874261602759361e-03
996 2 212 1.9357271492481232e-02
997 2 213 1.4343327283859253e-01
998 2 214 -4.0261433459818363e-03
999 2 215 8.2454338669776917e-02
1000 2 216 1.4600023627281189e-02
1001 2 217 1.1964309960603714e-01
1002 2 218 3.1172530725598335e-02
1003 2 219 -1.7954880371689796e-02
1004 2 220 1.0231016203761101e-02
1005 2 221 -1.7554207006469369e-03
1006 2 222 2.7924336493015289e-02
1007 2 223 -6.1278421431779861e-02
1008 2 224 4.0685761719942093e-02
1009 2 225 1.0032304562628269e-02
1010 2 226 4.4310383498668671e-02
1011 2 227 -1.3955944217741489e-02
1012 2 228 1.3971343636512756e-02
1013 2 229 -3.6874308716505766e-03
1014 2 230 6.9624103605747223e-02
1015 2 231 4.5829061418771744e-02
1016 2 232 -2.4959801230579615e-03
1017 2 233 -5.1440577954053879e-02
1018 2 234 1.9643745326902717e-04
1019 2 235 7.6079346239566803e-02
1020 2 236 -5.2880614995956421e-02
1021 2 237 -2.7096502482891083e-02
1022 2 238 9.4540894031524658e-02
1023 2 239 5.6244665756821632e-03
1024 2 240 4.5473098754882812e-02
1025 2 241 -9.9793570116162300e-03
1026 2 242 -2.7787493541836739e-02
1027 2 243 3.8837537169456482e-02
1028 2 244 6.6014155745506287e-02
1029 2 245 -2.8968445956707001e-02
1030 2 246 5.0347276031970978e-02
1031 2 247 4.2295694351196289e-02
1032 2 248 8.0278933048248291e-02
1033 2 249 6.2383450567722321e-02
1034 2 250 -3.0502144247293472e-02
1035 2 251 2.4450286291539669e-03
1036 2 252 -3.4860085695981979e-02
1037 2 253 1.6762702725827694e-03
1038 2 254 -3.4676317591220140e-03
1039 2 255 -1.3360844925045967e-02
1040 2 256 1.0359683632850647e-01
1041 3 1 8.2645677030086517e-02
1042 3 2 -2.9780121520161629e-02
1043 3 3 -4.0064990520477295e-02
1044 3 4 -2.4511625990271568e-02
1045 3 5 4.3902467936277390e-02
1046 3 6 -3.6213386803865433e-02
1047 3 7 5.9385675936937332e-02
1048 3 8 2.5065610185265541e-02
1049 3 9 7.6105403713881969e-03
1050 3 10 9.9903225898742676e-02
1051 3 11 -5.8602434583008289e-03
1052 3 12 4.9585655331611633e-02
1053 3 13 6.3945934176445007e-02
1054 3 14 -4.7171518206596375e-02
1055 3 15 4.2954415082931519e-02
1056 3 16 7.3677520267665386e-03
1057 3 17 3.1437307596206665e-02
1058 3 18 1.2470019049942493e-02
1059 3 19 3.3676493912935257e-02
1060 3 20 1.5040832571685314e-02
1061 3 21 -8.4247924387454987e-03
1062 3 22 7.5845941901206970e-02
1063 3 23 1.9195983186364174e-02
1064 3 24 -1.8626024946570396e-02
1065 3 25 5.2911285310983658e-02
1066 3 26 7.1664728224277496e-02
1067 3 27 4.3877027928829193e-02
1068 3 28 9.3124926090240479e-02
1069 3 29 2.3673204705119133e-02
1070 3 30 3.2485079020261765e-02
1071 3 31 6.6783145070075989e-02
1072 3 32 8.4229566156864166e-02
1073 3 33 2.4239014834165573e-02
1074 3 34 5.1665827631950378e-03
1075 3 35 -2.4989020079374313e-02
1076 3 36 6.8201735615730286e-02
1077 3 37 -2.1638896316289902e-02
1078 3 38 6.4451694488525391e-03
1079 3 39 -8.5116643458604813e-03
1080 3 40 1.2723911553621292e-02
1081 3 41 4.4404488056898117e-02
1082 3 42 3.8981577381491661e-03
1083 3 43 -6.1564091593027115e-03
1084 3 44 -6.1463110148906708e-02
1085 3 45 5.6873220019042492e-03
1086 3 46 1.0887369513511658e-01
1087 3 47 -4.4993016868829727e-02
1088 3 48 2.2933454602025449e-04
1089 3 49 5.3439632058143616e-02
1090 3 50 5.5894799530506134e-02
1091 3 51 4.3871025554835796e-03
1092 3 52 4.7741930931806564e-02
1093 3 53 1.1081085354089737e-01
1094 3 54 -7.0620775222778320e-03
1095 3 55 -4.1491411626338959e-02
1096 3 56 -6.8512983620166779e-02
1097 3 57 -1.2304784730076790e-02
1098 3 58 -7.4466987280175090e-04
1099 3 59 7.6870374381542206e-02
1100 3 60 -1.0470471344888210e-02
1101 3 61 -3.2761394977569580e-02
1102 3 62 -2.9903043061494827e-02
1103 3 63 -4.6320844441652298e-02
1104 3 64 2.2830391302704811e-02
1105 3 65 1.2774674221873283e-02
1106 3 66 -5.1189105957746506e-02
1107 3 67 -3.8910165429115295e-02
1108 3 68 3.1739838421344757e-02
1109 3 69 7.6572716236114502e-02
1110 3 70 3.0316486954689026e-02
1111 3 71 -9.6008257241919637e-04
1112 3 72 2.7794489637017250e-02
1113 3 73 1.2668465077877045e-01
1114 3 74 4.9796663224697113e-02
1115 3 75 -2.7214070782065392e-02
1116 3 76 -5.0327923148870468e-02
1117 3 77 5.0241082906723022e-02
1118 3 78 2.4888321757316589e-02
1119 3 79 -6.5352227538824081e-03
1120 3 80 4.7583915293216705e-03
1121 3 81 1.3233561068773270e-02
1122 3 82 1.2643194757401943e-02
1123 3 83 -3.2170981168746948e-02
1124 3 84 2.7128378860652447e-03
1125 3 85 -7.2588153183460236e-02
1126 3 86 -7.1207098662853241e-03
1127 3 87 4.2945411056280136e-02
1128 3 88 6.5080396831035614e-02
1129 3 89 6.1156637966632843e-02
1130 3 90 6.7233227193355560e-02
1131 3 91 1.3262108899652958e-02
1132 3 92 6.9833859801292419e-02
1133 3 93 -2.1011259406805038e-02
1134 3 94 6.5645784139633179e-02
1135 3 95 2.1836254745721817e-02
1136 3 96 9.5509355887770653e-03
1137 3 97 6.3343800604343414e-02
1138 3 98 -4.6030101366341114e-03
1139 3 99 9.0196244418621063e-02
1140 3 100 -2.3814288433641195e-03
1141 3 101 5.1882166415452957e-02
1142 3 102 7.4223972856998444e-02
1143 3 103 -3.4117266535758972e-02
1144 3 104 1.4236415736377239e-02
1145 3 105 -1.7973922193050385e-02
1146 3 106 2.2209854796528816e-03
1147 3 107 3.3205311745405197e-02
1148 3 108 7.6571971178054810e-02
1149 3 109 1.1554932221770287e-02
1150 3 110 6.3357576727867126e-02
1151 3 111 5.0176225602626801e-02
1152 3 112 6.0690816491842270e-02
1153 3 113 6.1512734740972519e-02
1154 3 114 4.5142089948058128e-03
1155 3 115 2.8249451890587807e-02
1156 3 116 6.0720704495906830e-02
1157 3 117 1.7930563539266586e-02
1158 3 118 -4.5306526124477386e-02
1159 3 119 1.1442035436630249e-01
1160 3 120 -3.2659936696290970e-02
1161 3 121 -2.7053344529122114e-03
1162 3 122 1.9033433869481087e-02
1163 3 123 -3.4451108425855637e-02
1164 3 124 3.0491653829813004e-02
1165 3 125 1.5294168144464493e-02
1166 3 126 8.5052192211151123e-02
1167 3 127 4.9759559333324432e-02
1168 3 128 -3.3827837556600571e-02
1169 3 129 -5.4885197430849075e-02
1170 3 130 -1.0652695782482624e-02
1171 3 131 3.3978432416915894e-02
1172 3 132 3.7139706313610077e-02
1173 3 133 7.9241245985031128e-02
1174 3 134 3.1002122908830643e-02
1175 3 135 -5.1877059042453766e-02
1176 3 136 -5.8054518885910511e-03
1177 3 137 5.4392091929912567e-02
1178 3 138 4.6250119805335999e-02
1179 3 139 1.1454875767230988e-01
1180 3 140 3.6767557263374329e-02
1181 3 141 9.0324833989143372e-02
1182 3 142 -2.8910530731081963e-02
1183 3 143 -3.5088021308183670e-02
1184 3 144 4.1353203356266022e-02
1185 3 145 -1.0719415731728077e-02
1186 3 146 3.6096040159463882e-02
1187 3 147 -2.5546424090862274e-02
1188 3 148 -1.7183255404233932e-02
1189 3 149 5.5623255670070648e-02
1190 3 150 -1.9498275592923164e-02
1191 3 151 4.0420565754175186e-02
1192 3 152 -4.5313738286495209e-02
1193 3 153 -8.8877035304903984e-03
1194 3 154 -3.4164838492870331e-02
1195 3 155 9.9038504064083099e-02
1196 3 156 -4.7464925795793533e-02
1197 3 157 2.6659397408366203e-02
1198 3 158 1.4377507567405701e-01
1199 3 159 4.5278385281562805e-02
1200 3 160 4.9552958458662033e-02
1201 3 161 -2.8089169412851334e-02
1202 3 162 5.7659506797790527e-02
1203 3 163 3.4658089280128479e-02
1204 3 164 -1.3210241682827473e-02
1205 3 165 9.5047237118706107e-04
1206 3 166 7.3982864618301392e-02
1207 3 167 1.2007473967969418e-02
1208 3 168 4.1223622858524323e-02
1209 3 169 2.6958312839269638e-02
1210 3 170 4.0397670120000839e-02
1211 3 171 1.2876994907855988e-02
1212 3 172 -2.0677683874964714e-02
1213 3 173 6.3105985522270203e-02
1214 3 174 -5.9253718703985214e-02
1215 3 175 -4.4145442545413971e-02
1216 3 176 1.1045283079147339e-01
1217 3 177 8.5791856050491333e-02
1218 3 178 1.6889510676264763e-02
1219 3 179 7.9977698624134064e-02
1220 3 180 1.2931619584560394e-01
1221 3 181 7.3809861205518246e-03
1222 3 182 -5.4552484303712845e-02
1223 3 183 5.1951561123132706e-02
1224 3 184 2.8380151838064194e-02
1225 3 185 2.4278715252876282e-02
1226 3 186 3.9868678897619247e-02
1227 3 187 5.6716568768024445e-02
1228 3 188 5.4897788912057877e-02
1229 3 189 -4.8064772039651871e-02
1230 3 190 6.1748675070703030e-03
1231 3 191 5.4200232028961182e-02
1232 3 192 -1.8554702401161194e-02
1233 3 193 -2.9691888019442558e-02
1234 3 194 5.9817440807819366e-02
1235 3 195 -4.8023313283920288e-02
1236 3 196 4.0048020891845226e-03
1237 3 197 -9.2713646590709686e-03
1238 3 198 5.0251778215169907e-02
1239 3 199 4.0886584669351578e-02
1240 3 200 1.4452249743044376e-02
1241 3 201 -6.7962156608700752e-03
1242 3 202 2.6382444426417351e-02
1243 3 203 4.4892877340316772e-02
1244 3 204 5.0318237394094467e-02
1245 3 205 8.4205791354179382e-02
1246 3 206 -3.8318991661071777e-02
1247 3 207 7.1680650115013123e-02
1248 3 208 3.5580180585384369e-02
1249 3 209 -4.3930392712354660e-02
1250 3 210 -4.4286721386015415e-03
1251 3 211 -1.0572711005806923e-02
1252 3 212 2.9938468709588051e-02
1253 3 213 3.6601420491933823e-02
1254 3 214 4.5092739164829254e-02
1255 3 215 -4.6256460249423981e-02
1256 3 216 -8.0997524783015251e-03
1257 3 217 -2.6652334257960320e-02
1258 3 218 -1.6212815418839455e-02
1259 3 219 6.1635944992303848e-02
1260 3 220 4.3742642737925053e-03
1261 3 221 -4.9704734236001968e-02
1262 3 222 5.2505291998386383e-02
1263 3 223 -4.9093808978796005e-02
1264 3 224 4.0694873780012131e-02
1265 3 225 9.9093973636627197e-02
1266 3 226 2.7686960529536009e-03
1267 3 227 1.8861791118979454e-02
1268 3 228 6.7170269787311554e-02
1269 3 229 1.6551725566387177e-02
1270 3 230 -6.3503994606435299e-03
1271 3 231 1.0261076502501965e-02
1272 3 232 9.5560006797313690e-02
1273 3 233 2.0956754684448242e-02
1274 3 234 3.5397291183471680e-02
1275 3 235 9.8366379737854004e-02
1276 3 236 -5.4120898246765137e-02
1277 3 237 3.1664170091971755e-04
1278 3 238 8.0880723893642426e-02
1279 3 239 3.2643761485815048e-02
1280 3 240 -3.7522852420806885e-02
1281 3 241 -4.2722623795270920e-02
1282 3 242 3.7619050592184067e-02
1283 3 243 5.1643893122673035e-02
1284 3 244 -3.6021072417497635e-02
1285 3 245 2.4698104709386826e-02
1286 3 246 7.4995882809162140e-02
1287 3 247 1.4627346768975258e-02
1288 3 248 -2.2474082652479410e-03
1289 3 249 1.5263251960277557e-02
1290 3 250 3.0003817752003670e-02
1291 3 251 1.1674708127975464e-01
1292 3 252 4.7777924686670303e-02
1293 3 253 1.8994727870449424e-03
1294 3 254 2.1630250848829746e-03
1295 3 255 7.9957328736782074e-02
1296 3 256 5.0391223281621933e-02
1297 4 1 -2.0510521531105042e-01
1298 4 2 1.3677416741847992e-01
1299 4 3 1.6921112313866615e-02
1300 4 4 -5.1104612648487091e-02
1301 4 5 6.3059784471988678e-02
1302 4 6 1.5964028239250183e-01
1303 4 7 -1.3032630085945129e-03
1304 4 8 1.0634827613830566e-01
1305 4 9 -1.4121784269809723e-01
1306 4 10 1.5616386197507381e-02
