# global_node  layer_id  local_node  bias
785 2 1 2.0257407799363136e-02
786 2 2 3.8814429193735123e-02
787 2 3 -1.2725764885544777e-02
788 2 4 3.5823296755552292e-02
789 2 5 -7.9299909994006157e-03
790 2 6 4.4503863900899887e-02
791 2 7 7.9909957945346832e-02
792 2 8 1.0667501389980316e-01
793 2 9 3.3698726445436478e-02
794 2 10 1.8876476213335991e-02
795 2 11 4.4894769787788391e-02
796 2 12 5.4815333336591721e-02
797 2 13 3.6328777670860291e-02
798 2 14 4.7836285084486008e-02
799 2 15 -4.9820207059383392e-02
800 2 16 1.6002503037452698e-01
801 2 17 -1.8930584192276001e-02
802 2 18 -1.1419512331485748e-02
803 2 19 -3.1673435121774673e-02
804 2 20 -1.0659722611308098e-02
805 2 21 3.7999425083398819e-02
806 2 22 2.0327018573880196e-03
807 2 23 6.6759109497070312e-02
808 2 24 -8.8321432471275330e-02
809 2 25 4.1602209210395813e-02
810 2 26 -6.9781541824340820e-02
811 2 27 9.4048958271741867e-03
812 2 28 -4.8983436077833176e-02
813 2 29 -8.4988959133625031e-03
814 2 30 5.1317524164915085e-02
815 2 31 3.7203501909971237e-02
816 2 32 3.7621717900037766e-02
817 2 33 -2.6235910132527351e-02
818 2 34 5.7212904095649719e-02
819 2 35 -4.8906810581684113e-02
820 2 36 -1.4220392331480980e-02
821 2 37 1.7171220388263464e-03
822 2 38 3.9331473410129547e-02
823 2 39 -8.5789091885089874e-02
824 2 40 3.1062142923474312e-02
825 2 41 -1.6880890727043152e-01
826 2 42 6.9921083748340607e-02
827 2 43 3.5921055823564529e-02
828 2 44 3.0646750703454018e-02
829 2 45 6.2692984938621521e-02
830 2 46 7.5926065444946289e-02
831 2 47 3.4080576151609421e-02
832 2 48 -9.2335939407348633e-03
833 2 49 -2.2338848561048508e-02
834 2 50 -4.7999687492847443e-02
835 2 51 8.4491968154907227e-02
836 2 52 1.1311260052025318e-02
837 2 53 -2.6744911447167397e-02
838 2 54 1.0582330077886581e-01
839 2 55 9.7596988081932068e-02
840 2 56 -2.4551007896661758e-02
841 2 57 4.6618454158306122e-02
842 2 58 6.0044743120670319e-02
843 2 59 -3.2234165817499161e-02
844 2 60 -2.1458392962813377e-02
845 2 61 -1.1483392864465714e-01
846 2 62 -6.2625616788864136e-02
847 2 63 3.3821925520896912e-02
848 2 64 -3.6619130522012711e-02
849 2 65 1.2791579589247704e-02
850 2 66 -1.5847589820623398e-02
851 2 67 2.4332052096724510e-02
852 2 68 -1.7136406386271119e-03
853 2 69 -5.8249211870133877e-03
854 2 70 1.1044269055128098e-01
855 2 71 2.0350499078631401e-02
856 2 72 5.6325856596231461e-02
857 2 73 -6.0429908335208893e-02
858 2 74 -3.7525989115238190e-02
859 2 75 4.7212060540914536e-02
860 2 76 1.5664154663681984e-02
861 2 77 1.1283378116786480e-02
862 2 78 -5.0418220460414886e-02
863 2 79 -1.4712486416101456e-02
864 2 80 1.1018335819244385e-02
865 2 81 -3.2832607626914978e-02
866 2 82 -8.5811074823141098e-03
867 2 83 -1.6307028010487556e-02
868 2 84 3.6343980580568314e-02
869 2 85 -5.6385271251201630e-02
870 2 86 -6.3051290810108185e-02
871 2 87 2.1929115056991577e-02
872 2 88 3.8127150386571884e-02
873 2 89 6.2151428312063217e-02
874 2 90 -1.2852340936660767e-01
875 2 91 7.1428962051868439e-02
876 2 92 -9.5605361275374889e-04
877 2 93 1.2501816265285015e-02
878 2 94 1.0799714922904968e-01
879 2 95 -2.8819141909480095e-02
880 2 96 4.7985434532165527e-02
881 2 97 9.3449182808399200e-02
882 2 98 1.1055831797420979e-02
883 2 99 -2.0476697012782097e-02
884 2 100 7.4979425407946110e-03
885 2 101 3.0301561579108238e-02
886 2 102 -1.2076548300683498e-02
887 2 103 5.8555189520120621e-02
888 2 104 -3.2066226005554199e-02
889 2 105 5.0182897597551346e-02
890 2 106 -1.0363966226577759e-02
891 2 107 8.2621134817600250e-02
892 2 108 6.0083367861807346e-03
893 2 109 -1.3797328807413578e-02
894 2 110 -4.1622973978519440e-02
895 2 111 1.4382977969944477e-02
896 2 112 5.8265108615159988e-02
897 2 113 1.2758312746882439e-02
898 2 114 8.2457518146838993e-05
899 2 115 4.0095277130603790e-02
900 2 116 -2.4598175659775734e-02
901 2 117 6.0346715152263641e-02
902 2 118 3.5937206121161580e-04
903 2 119 6.6327959299087524e-02
904 2 120 -1.4446378685534000e-02
905 2 121 3.2302174717187881e-02
906 2 122 5.4789870977401733e-02
907 2 123 4.7081086784601212e-02
908 2 124 2.9882287606596947e-02
909 2 125 5.0058659166097641e-02
910 2 126 -5.7274363934993744e-02
911 2 127 1.0219611227512360e-01
912 2 128 9.7046963870525360e-02
913 3 1 -1.2260849587619305e-02
914 3 2 -5.9910915791988373e-02
915 3 3 8.6784079670906067e-02
916 3 4 -4.6801183372735977e-02
917 3 5 -8.5044480860233307e-02
918 3 6 -5.5800613015890121e-02
919 3 7 4.6101812273263931e-02
920 3 8 6.0826558619737625e-02
921 3 9 -3.8027152419090271e-02
922 3 10 3.2630790024995804e-02
923 3 11 -8.9540574699640274e-03
924 3 12 -2.9283227398991585e-02
925 3 13 2.1583370864391327e-02
926 3 14 3.2587638124823570e-03
927 3 15 -9.6161767840385437e-02
928 3 16 1.3583509717136621e-03
929 3 17 -2.5867881253361702e-02
930 3 18 5.9832945466041565e-02
931 3 19 3.6610573530197144e-02
932 3 20 -3.8236342370510101e-02
933 3 21 2.3162743076682091e-02
934 3 22 1.0665730386972427e-01
935 3 23 -6.5352886915206909e-02
936 3 24 -6.3160024583339691e-02
937 3 25 8.8025229051709175e-03
938 3 26 1.0364530235528946e-01
939 3 27 7.2592742741107941e-02
940 3 28 3.5749357193708420e-02
941 3 29 3.3093802630901337e-02
942 3 30 -3.3843584358692169e-02
943 3 31 3.0012521892786026e-02
944 3 32 2.0056759938597679e-02
945 3 33 9.1534987092018127e-02
946 3 34 9.4248808920383453e-02
947 3 35 -7.5772956013679504e-02
948 3 36 -7.6936520636081696e-02
949 3 37 1.7386387288570404e-01
950 3 38 -3.3758696168661118e-02
951 3 39 -8.5811719298362732e-02
952 3 40 1.6075460240244865e-02
953 3 41 -3.9234343916177750e-02
954 3 42 8.8696077466011047e-02
955 3 43 1.4191173017024994e-01
956 3 44 -5.2020005881786346e-02
957 3 45 7.6009362936019897e-02
958 3 46 4.5948557555675507e-02
959 3 47 2.2874379530549049e-02
960 3 48 8.2453370094299316e-02
961 3 49 6.8049770779907703e-03
962 3 50 8.8103175163269043e-02
963 3 51 1.0731516778469086e-01
964 3 52 -1.0981194674968719e-01
965 3 53 9.7162216901779175e-02
966 3 54 3.6466997116804123e-02
967 3 55 4.2152390815317631e-03
968 3 56 7.9156190156936646e-02
969 3 57 1.1343060061335564e-02
970 3 58 1.7359849065542221e-02
971 3 59 -2.0261067897081375e-02
972 3 60 2.2533370181918144e-02
973 3 61 9.1489320620894432e-03
974 3 62 1.6872642561793327e-02
975 3 63 -1.1467669159173965e-02
976 3 64 -1.2065733782947063e-02
977 3 65 3.9380088448524475e-02
978 3 66 1.3360895216464996e-01
979 3 67 8.1824593245983124e-02
980 3 68 8.2791643217206001e-03
981 3 69 7.0058576762676239e-02
982 3 70 1.3787734508514404e-01
983 3 71 2.3202160373330116e-03
984 3 72 5.6619215756654739e-02
985 3 73 1.9564123824238777e-02
986 3 74 -8.5360340774059296e-02
987 3 75 -8.9014299213886261e-02
988 3 76 -1.6630256548523903e-02
989 3 77 2.3853283375501633e-02
990 3 78 1.0939754545688629e-01
991 3 79 -4.2749460786581039e-02
992 3 80 8.7154224514961243e-02
993 3 81 4.8396062105894089e-02
994 3 82 9.8885394632816315e-02
995 3 83 7.3597706854343414e-02
996 3 84 6.0750484466552734e-02
997 3 85 2.9779130592942238e-02
998 3 86 -4.1163209825754166e-02
999 3 87 2.6233319193124771e-02
1000 3 88 5.2848715335130692e-02
1001 3 89 -3.4132173750549555e-03
1002 3 90 6.6769674420356750e-02
1003 3 91 5.1756072789430618e-02
1004 3 92 1.1830417811870575e-01
1005 3 93 4.1930224746465683e-02
1006 3 94 1.8473070859909058e-01
1007 3 95 1.0416828840970993e-01
1008 3 96 -5.6727916002273560e-02
1009 3 97 -6.2080901116132736e-03
1010 3 98 -4.5786175876855850e-02
1011 3 99 -2.7208270505070686e-02
1012 3 100 -3.6909274756908417e-02
1013 3 101 -2.1167650818824768e-02
1014 3 102 7.0071473717689514e-02
1015 3 103 -4.9860078841447830e-02
1016 3 104 1.2327109463512897e-02
1017 3 105 1.0087924078106880e-02
1018 3 106 2.0123306661844254e-02
1019 3 107 1.9779875874519348e-02
1020 3 108 -5.7943064719438553e-02
1021 3 109 6.1039395630359650e-02
1022 3 110 2.1812204271554947e-02
1023 3 111 1.1291255056858063e-01
1024 3 112 1.1207206547260284e-01
1025 3 113 -1.3372012414038181e-02
1026 3 114 -5.6428655982017517e-02
1027 3 115 -8.3697296679019928e-02
1028 3 116 -7.1710855700075626e-03
1029 3 117 -7.8473985195159912e-02
1030 3 118 1.5024656429886818e-02
1031 3 119 -1.0765885002911091e-02
1032 3 120 -2.2314351052045822e-02
1033 3 121 -2.1984127815812826e-03
1034 3 122 1.1324244737625122e-01
1035 3 123 9.1283015906810760e-02
1036 3 124 8.6666375398635864e-02
1037 3 125 -7.0980070158839226e-03
1038 3 126 4.7153033316135406e-02
1039 3 127 1.4581727981567383e-01
1040 3 128 1.1005518585443497e-01
1041 4 1 6.5678417682647705e-02
1042 4 2 8.3670258522033691e-02
1043 4 3 4.4236287474632263e-02
1044 4 4 -2.0585553720593452e-02
1045 4 5 8.7355924770236015e-03
1046 4 6 1.5794444084167480e-01
1047 4 7 3.3938910346478224e-03
1048 4 8 4.5227356255054474e-02
1049 4 9 -4.8397179692983627e-02
1050 4 10 6.3301451504230499e-02
1051 4 11 1.3447085022926331e-01
1052 4 12 -6.6443979740142822e-02
1053 4 13 -1.0424173623323441e-01
1054 4 14 7.3642961680889130e-02
1055 4 15 1.1812570691108704e-01
1056 4 16 -2.3013546597212553e-03
1057 4 17 1.9607767462730408e-02
1058 4 18 5.3303170949220657e-02
1059 4 19 8.9421095326542854e-03
1060 4 20 1.8612321466207504e-02
1061 4 21 1.6464257612824440e-02
1062 4 22 -4.6777860261499882e-03
1063 4 23 -2.9925668612122536e-02
1064 4 24 9.7182244062423706e-02
1065 4 25 -4.7376193106174469e-02
1066 4 26 4.7624960541725159e-02
1067 4 27 2.6773814111948013e-02
1068 4 28 7.9758629202842712e-02
1069 4 29 -3.4400254487991333e-02
1070 4 30 8.7742142379283905e-02
1071 4 31 -6.5209276974201202e-02
1072 4 32 9.5133632421493530e-02
1073 4 33 -3.3501766156405210e-03
1074 4 34 2.9479587450623512e-02
1075 4 35 1.5132221579551697e-01
1076 4 36 -6.6251344978809357e-02
1077 4 37 -5.4365903139114380e-02
1078 4 38 2.1919950842857361e-01
1079 4 39 -8.4411129355430603e-02
1080 4 40 -6.0056317597627640e-02
1081 4 41 2.5435881689190865e-02
1082 4 42 9.8876468837261200e-02
1083 4 43 -9.3114469200372696e-03
1084 4 44 7.9938778653740883e-03
1085 4 45 8.3285525441169739e-02
1086 4 46 1.3998213410377502e-01
1087 4 47 -3.8205418735742569e-02
1088 4 48 -5.8703619986772537e-02
1089 4 49 -1.2621096335351467e-02
1090 4 50 1.3275164365768433e-01
1091 4 51 1.4953309297561646e-01
1092 4 52 2.8540410567075014e-03
1093 4 53 -3.0947767198085785e-02
1094 4 54 1.4544534683227539e-01
1095 4 55 6.6410228610038757e-02
1096 4 56 9.4186775386333466e-03
1097 4 57 -7.7904507517814636e-02
1098 4 58 -7.3192276060581207e-02
1099 4 59 3.9944857358932495e-02
1100 4 60 -7.5301200151443481e-02
1101 4 61 1.6576106846332550e-01
1102 4 62 -8.9173264801502228e-02
1103 4 63 4.4482398778200150e-02
1104 4 64 1.1694130487740040e-02
1105 4 65 6.3690781593322754e-02
1106 4 66 2.5657851248979568e-02
1107 4 67 1.5591119229793549e-01
1108 4 68 9.6023045480251312e-02
1109 4 69 1.0371747426688671e-02
1110 4 70 8.7428763508796692e-02
1111 4 71 4.0399469435214996e-02
1112 4 72 9.7183614969253540e-02
1113 4 73 1.3558641076087952e-01
1114 4 74 1.0500907897949219e-01
1115 4 75 4.9769707024097443e-02
1116 4 76 1.1909053474664688e-01
1117 4 77 8.6762644350528717e-02
1118 4 78 3.9850044995546341e-02
1119 4 79 2.2491931915283203e-01
1120 4 80 1.9940952770411968e-03
1121 4 81 9.8669022321701050e-02
1122 4 82 7.6846688985824585e-02
1123 4 83 5.1104523241519928e-02
1124 4 84 1.3453595340251923e-01
1125 4 85 2.0372737199068069e-02
1126 4 86 5.8931872248649597e-02
1127 4 87 9.3432903289794922e-02
1128 4 88 2.7938375715166330e-03
1129 4 89 -1.2686924077570438e-02
1130 4 90 4.5369096100330353e-02
1131 4 91 1.4027187228202820e-01
1132 4 92 7.0806413888931274e-02
1133 4 93 -3.1641751527786255e-02
1134 4 94 -5.7203635573387146e-02
1135 4 95 9.5130756497383118e-02
1136 4 96 -7.5248114764690399e-02
1137 4 97 5.7696733623743057e-02
1138 4 98 4.3387770652770996e-02
1139 4 99 2.5990110635757446e-01
1140 4 100 1.1595259606838226e-01
1141 4 101 -6.8237637169659138e-03
1142 4 102 -7.6796978712081909e-02
1143 4 103 7.1597229689359665e-03
1144 4 104 8.6690122261643410e-03
1145 4 105 -6.3957482576370239e-02
1146 4 106 3.6433931440114975e-02
1147 4 107 7.4193425476551056e-02
1148 4 108 -4.0718298405408859e-02
1149 4 109 3.8501903414726257e-02
1150 4 110 8.9828878641128540e-02
1151 4 111 9.4687351956963539e-03
1152 4 112 -7.9133674502372742e-02
1153 4 113 -4.0124900639057159e-02
1154 4 114 2.7283481904305518e-04
1155 4 115 7.5872838497161865e-02
1156 4 116 8.5376270115375519e-02
1157 4 117 1.0889478027820587e-01
1158 4 118 1.2277791276574135e-02
1159 4 119 4.6702291816473007e-02
1160 4 120 -7.9823277890682220e-02
1161 4 121 -9.8199114203453064e-02
1162 4 122 -2.4689270649105310e-03
1163 4 123 1.0011953115463257e-01
1164 4 124 -5.8344684541225433e-02
1165 4 125 -6.4228981733322144e-02
1166 4 126 7.2899259626865387e-02
1167 4 127 2.0409258082509041e-02
1168 4 128 2.1394265815615654e-02
1169 5 1 -1.9086726009845734e-01
1170 5 2 2.2057873010635376e-01
1171 5 3 7.2608269751071930e-02
1172 5 4 -8.5962310433387756e-02
1173 5 5 4.6326555311679840e-02
1174 5 6 2.0745855569839478e-01
1175 5 7 1.1011898517608643e-02
1176 5 8 1.1963903158903122e-01
1177 5 9 -1.9578014314174652e-01
1178 5 10 3.7107456475496292e-02
